-856570
  -8234
-902815
-443793
 628228
 544467
 849399
-382805
-753770
-283517
 386964
-213123
-537892
-604877
  92425
-800576
-556149
-643359
 916465
 880697
-346784
-978404
-345689
 772993
 236382
-473959
 933477
  97466
-480607
-476562
 840238
 655757
-411329
 -79135
-536051
-772964
-696789
 645426
-419403
 665171
 611895
 207025
 829603
-244643
-153662
-947036
 615810
 -67906
-648873
-973471
-595711
-160553
-632375
 535437
 889141
-578396
 -48777
 829760
 922567
 860171
 457317
-720689
-339382
 -78340
-700173
-531569
 445876
 137840
 113603
 954734
 328130
  -3809
-380178
 649282
-469153
-601122
-770044
-656559
-456147
 192274
-963834
 418590
 795037
 355284
 839383
 428639
-532296
 753412
-831279
 -51726
-319965
-647964
-716587
-693108
 914975
-857780
 701126
 250280
-804668
-162243
-751799
 588359
-185009
-812713
-110195
-953501
 985711
 144438
 605935
  90932
 634285
 322474
-772848
 799944
 664128
 347212
 858569
 964875
 -41436
-549139
 713252
-555343
-148367
 665367
 449167
 879948
 191188
 797992
-902114
-877842
-746648
 854448
-492376
-944947
 695070
 192166
  38063
 679408
 451348
  60472
-718817
 149934
-254270
 410419
  73177
 -63752
 265054
-372083
 964064
  90559
-684067
-986940
 553668
  56257
-896447
-394039
-618183
 172056
   8801
-990784
 497836
 125744
 473486
 779534
 592154
 -34928
-913557
-881053
-494781
 746952
-534018
 911445
 546569
 -30053
 832943
-495275
 484581
-654119
 882429
 666133
 996970
-336739
 205334
 971164
 139659
-801981
 494467
-527903
-388609
-213970
 126731
-693622
  71465
 134077
 480736
-488983
 648215
 626849
-332271
 331627
 380603
 682304
 649263
 633395
 654875
-910567
 156368
-842369
 840678
 508710
-527507
-866115
 -68671
  34221
  -3446
 646867
 498973
 664118
  16108
-377249
 264294
-282620
 142034
 148375
 711617
 -11866
-682637
 829062
-455838
 332831
 956392
-714916
-494770
-582473
 974030
 -24976
-260993
 567597
-557853
 -80430
 792152
 755922
-463640
 765676
-829752
 936809
-512481
 201982
 660403
 171418
 727291
 826317
-644643
-657253
-869170
-703519
  37787
-803799
  58612
   5860
 766008
 346423
 591768
 196120
  -9280
-313545
-915391
 170208
-958196
-410830
 920581
 742297
 799813
 283321
 369085
   6440
  -6489
 274930
-577918
 717540
-246378
-163036
 700335
 -23428
-451888
 478364
 700685
-753050
 426437
-969402
 914706
-945550
 954889
-987333
 907915
 -74209
-713075
 354481
-974998
 -48091
 331353
 964155
 522811
  94474
-452448
 182965
 831044
-555576
-307177
-676427
 944636
 819940
 293005
-478386
-187019
 622090
-468651
-194931
-913985
-306080
-825276
-187941
-287546
 885474
 256165
-596817
-297573
-662201
-707602
-986997
 600671
-497279
-222554
-668613
-703907
-913234
 765055
-965916
 110983
 934774
  35017
 829630
  13565
-587874
-529848
 111222
 811599
 953976
  63223
 145997
 395497
  21887
 284346
 747182
 498930
 314753
 885736
-436558
-717212
 591868
-857057
-687451
-697279
  13097
-582240
 315880
-688634
 497432
-427185
-646884
-108465
-398053
-344183
-550097
 180962
 605276
-135208
-105564
-186639
-955666
 233126
-502277
-466185
 -51555
 457615
-394162
 677052
 141344
 427805
 428143
-249757
-308435
-338914
-771139
 353552
 413207
-181923
-312281
-585907
-482301
 755935
-833286
-361458
 263859
 150568
 819484
 816385
 687057
-913552
 893388
 165830
 254065
 766715
-325744
-981505
 995495
-270687
  34454
-386773
-484898
-435030
-990378
 992088
-488612
 683874
 836522
-924735
-192209
-353207
-316979
-465183
-325442
 908861
 905229
 124769
-402824
 228469
 622244
-829565
 952842
-646234
-571795
 687183
-990436
-480194
 958197
 -45559
-477107
-339344
 756002
 147999
 837903
-669850
-581765
 648552
-311888
-746176
-892526
-923379
  86297
-712526
-808839
 491096
-652243
 925027
 472374
 315034
-352508
 343855
-315127
 954374
-149076
 226341
 199282
-664266
-275413
-652053
-817011
-970603
  17245
-951701
 464564
-768623
 294117
-185717
-170576
 600717
  74445
  49617
 224261
 424574
 -40401
-902830
-972198
 -48017
 -93088
 736961
-965531
-673922
 -26720
-842166
-925124
-312265
-145505
 -26402
 439127
-842665
-157868
-252635
 -46840
 186805
 686941
 839160
 455710
-315935
-960030
 221285
-283825
-996229
   2047
 397203
 399688
 675148
 974335
-706173
-469700
 -27767
 400757
-537443
 118022
 949309
-587436
 205893
-616026
 965997
 -13435
-246119
 -59331
-705853
 323603
 293068
 998904
 119980
-998107
-400240
-106473
-413665
-644072
-474959
 273561
 -96130
  11704
-287169
-806394
-316908
-539236
 889444
-298853
-747769
 374960
 103980
-909852
-920914
-514847
-773794
-980164
 189692
-684797
-742619
 814370
 129312
-917532
-645503
 689865
 198549
   6113
-326036
-503903
-738130
 759085
 909020
 614325
  71104
  49765
-226779
-708019
 447070
 649466
-598213
 630722
 937940
-207577
-959513
 557675
-161300
 -14580
 866932
  77857
 908757
 705918
 -11786
-847349
-138474
 383266
 -83152
 918151
-290848
-136698
 148518
-354913
-597403
-157057
  -2662
-401746
 277649
 957448
 112815
 145605
 648653
-272330
-226430
-717698
-704446
 468633
 544883
 452515
 697210
-340174
  94838
 386763
-638049
 506046
 219873
-664060
 515194
-859344
 560080
-481856
 328081
 692018
  43930
 157789
 -89494
-240199
 319589
 517199
 -62482
 838467
 863574
-189076
 350697
  30512
-464672
-924332
 649390
 403898
 -68418
-358824
-716525
-477956
 342485
-394966
-410854
 -45923
-157800
-930375
 789700
-805695
 742751
 866781
 895478
 196461
-160945
 302611
-405454
 -13655
 292284
 289684
 953683
 317475
  88045
 864940
-233044
-156664
 743525
 557888
 642428
-458433
-468899
-446130
 958062
-163186
 280295
 492125
  -4947
  99388
-813916
-157012
 845295
 887533
 787165
 790509
 127558
-154004
-690978
 127488
-703513
  37050
-499346
-942100
  96740
 718667
  12304
 736067
 866072
-335141
-933231
 -45308
 622060
-688793
-754115
-660536
 709667
-560782
-578842
-754207
 923780
 276020
 167984
-191956
-670466
 855167
-509544
 635184
-417387
 477863
 -72745
 936232
 624057
-971192
 681172
 838804
-195957
-122272
-970256
-987702
-173769
-992807
-197659
-513457
 545504
-387261
-237636
 880447
 226632
-944745
 881287
-404760
-760324
-330942
 485827
 723857
 727936
 647672
-235124
 853538
-712332
 317896
 458209
-280382
 966436
-400751
-517248
 312790
 463308
 410157
 315391
-439978
 969626
 -51394
-834960
 884864
 965800
 966027
 472447
-671191
  96415
 647500
-331004
 655501
-783661
 621050
 689512
 109814
-836073
 168630
 522955
-712208
-837246
 849958
 158632
-693157
-371914
 675573
-206999
-768805
 785577
 307267
-113649
 825925
-997480
 571712
-549504
 562232
-518008
-814191
 570924
 204297
-834113
-461064
-631968
 625693
 125627
-748486
 181395
-983978
  59235
 470956
-895810
-874681
 213685
 714683
 227125
-130032
-189056
-815948
 392770
 535625
 195234
 677521
 540203
 427996
 677246
-545601
-811920
 240160
 401123
-213106
 -84111
-104357
 872350
 -89954
-501412
 996586
-314276
 966283
 562239
 450415
 357317
-747820
 840534
-841100
-121854
 695205
-143883
 155222
 734608
 344298
-726648
-448950
-502614
-969595
 902743
-547256
 136247
 500023
 671934
-125696
-253963
-308559
-257162
-191442
  56431
 437037
 617062
 658283
 871270
-520835
 -91204
 271298
-103052
-661265
-402433
 813648
 490544
  81641
-705933
-220545
-615584
-239292
  92341
-559796
 804661
-274045
-310276
 229434
-427086
 378073
 986327
  82462
-676673
 418953
-700361
 613549
-956620
  77444
 642192
 313593
 730224
 744354
 -24895
 276288
 326120
-409705
  67172
-676955
-549885
 210089
-651979
 876365
-907735
 679623
 881566
-428100
-137856
959700
 -77403
-975017
 626976
  22133
 826983
-857872
 926506
-371645
 117483
-118890
-137410
 192760
 -89941
-759480
 526594
-586389
 122080
 186920
 578051
-190186
 589702
 687255
-415051
 573189
 106417
-279073
-516023
-342427
-404573
-943021
 129044
 885386
 512113
-343595
 878960
 833021
-388636
 193033
-942517
 296420
 330639
 419092
-532995
-612773
-386215
-283459
 413305
-127288
-230738
 146230
 171822
 143016
-176604
 131895
 822671
 439629
 948629
 562307
-225569
-875431
 596809
-444948
 -76067
-749020
 982562
-514182
 731883
 145532
 514003
-572944
 767232
-604221
-757885
-354975
 -24157
-173842
 743206
 661430
-626992
  97241
 405120
 719716
 685055
-453422
  25062
 673662
 546950
 -63010
 163172
-409209
-191678
 300106
  94007
 148634
-608573
-578690
-368240
  33942
-916226
 669429
 366840
 366070
-666575
-754561
 821244
 651377
-519104
-353833
 400334
 465391
   8352
 839896
 618302
  49667
-826787
-748315
-709881
 811530
 -42226
 501078
-318059
-963115
-340927
 346327
-797883
 627304
 237962
 724438
-888494
-976591
-754826
 237094
 684166
-726447
-636067
 109601
 828930
 460466
 755148
 537300
-995139
 826893
 967102
 543687
-418064
 762469
-607566
  96550
 984629
 947438
 197160
 162461
 232483
-998703
 744585
-743294
 931409
 215092
-626669
-730007
-352958
-351578
 384084
-739356
-140987
-347365
 -59929
 186964
 633161
 241447
-428742
-745752
-204472
 145770
 887265
-593049
 632665
-963459
 885104
 631730
 860097
-974793
-216185
-564021
 183561
 962002
  -7250
-389813
 613262
 986796
-590610
-690294
-915711
-735150
 544927
 208908
-166213
  80006
-275939
-408888
 952984
 261721
 613756
 819524
 303928
-287135
 525303
-352684
-881824
-687471
 770786
-549799
 100167
-441566
 938882
 288556
-974919
 -18303
-703678
-684536
 426970
-554573
 316728
 872595
-536709
-915484
-910447
 207318
-311277
 265355
-307479
 306523
-512177
-136101
-252986
 478898
 959542
  28352
 589249
-946632
-934701
 137065
 298932
-242285
 664741
-239708
-779756
 346790
-188891
 964395
 902919
-882717
-722051
-946318
 614570
-716073
-778973
 429898
-933471
 894122
-167368
 433685
 776443
 903274
-907781
 -53208
 -41824
 363468
-192999
-130162
-131755
-272024
 953130
 304776
-251126
 385248
-157699
 328332
-557218
-730507
 122427
 526766
 250465
 873697
-634429
 443777
 326042
-208512
-103102
 398116
 924146
-204379
-876956
 872429
-172412
 -59660
 891018
-518612
 499133
-835699
-813098
  73237
 775574
 559981
 343255
 772767
 409663
-726497
 168390
 985874
 665905
 972580
 737924
-182234
-886637
 625020
 714148
 230973
-581548
 800847
 984530
-883342
-284598
-999865
 752399
 495085
  -7590
 -47573
 146275
 530447
 193469
-918418
-396433
 797917
 755604
 -84100
 927267
-413870
-279536
-953337
-628624
-958930
 398476
-830178
 -48322
-922418
 120211
 104546
-636205
 422051
 752754
-611670
 933636
-538819
-511381
-856632
-651160
-635076
 -74524
-354515
-257984
-861243
 816336
-885940
-315056
-479008
 -48947
 320808
-397700
  33548
 351596
 -25091
 461876
-135755
 518090
-390265
 873360
 734315
-968135
 522669
 258444
 302354
 621918
 847576
-794817
 286487
 -82242
-531179
 363813
 234944
-711388
   4130
-362347
 567202
-570348
 -53903
-272607
 -68934
-163326
-821375
 264677
 609057
-320054
 970467
 512472
 770256
 696086
-317103
-959641
 853807
  97787
 848351
 973476
-442288
 985442
 -43316
-662215
-597982
 349776
 716228
-924864
-419534
 970361
-544714
  41058
-581026
-604731
-763484
-137393
 337569
 449181
  86097
 266985
-884291
 879753
-780709
-220711
 274072
-424656
 178002
 -78906
-593104
   5553
-819291
-466364
 221234
 951165
-442995
 784751
 827309
-843426
-543273
-511726
 578654
 253617
 876854
-774695
-472471
 981621
-278478
-454718
-248223
 289642
 306031
 135732
 947374
-365658
-519613
-659544
 649795
 649167
 853458
 587292
 468748
-384196
-275828
 -54217
-206413
 506009
-292431
 498247
 542701
 204390
 545857
-384773
 337908
 498559
 977600
 955525
  21798
-685695
-911343
  40470
 493158
-936959
 -82483
 555742
 537109
 784976
  56833
-263498
  31653
  34419
 727776
-585258
 751174
-857989
 327524
 943681
-287534
-136441
 585770
-247560
-746042
 576289
 337372
-135069
-989751
 166738
 653138
-916976
 588379
 348877
 180787
-796656
 749795
 446350
 371789
 924581
 598828
 619657
 439201
-997772
 638233
 418391
 110081
-383976
-618720
 -18462
-534937
-338461
 -92578
 259641
-609154
-290673
 238893
 871720
 784304
-435372
-240254
-764152
-408950
-371555
 263607
-199994
 651124
-993532
 524894
-259771
-217118
  37251
 544165
 543934
 207361
 -66854
-444923
 246304
-856458
-168603
-964130
-960884
 878895
-451966
 576001
-727910
-274019
-463605
 718893
-629662
 582314
 395912
-317987
-573354
 -79329
-977744
 676935
-573098
-428301
-294090
 -23763
-149050
 888181
-518327
-527691
  35628
  15528
 494831
-458351
 471649
  -9866
 371658
-281716
-158404
-838077
 737887
 571482
-356527
 763819
 392395
 848771
-450845
-645649
 492233
-846278
-667782
-632231
-643706
-998991
 315176
-197256
 381592
 517825
 -27166
 152109
-670758
 815809
-731183
 215377
 133861
-648178
-725931
 371385
-605712
 -48050
 824754
 791072
  75609
 613955
-417788
-943222
-849279
-834365
-492315
-977094
-363696
 821656
 695110
 -70303
-577685
 149297
  53048
 118384
-114951
 631473
 -15142
 965778
-417907
-674764
 447733
-825730
-599063
 473117
-399908
 818330
 210794
 176954
 410457
-465018
 180368
 199656
-553042
 999093
 772649
 933601
-716156
  26913
 463060
-439263
  87845
-721548
  69005
 593005
 155473
-292696
 471003
-498122
 735329
 -49695
-685041
-721810
-477350
 -97823
 619891
 781977
-188101
 289499
 328891
 744545
 106018
 708455
 946318
 699503
-590869
-453658
 359845
 863842
 432583
-636285
-711022
 656373
-311501
 100828
-865988
 587489
 418924
 580863
-288217
-262560
-770849
 467517
 344292
 102531
-677442
-701947
 390145
 884931
 886264
-624726
-515269
-150975
 -90150
 532011
-564756
 266195
 459296
-220309
-311040
 851302
 670442
 -75780
-692852
-395840
-295976
-667242
 495596
-904099
 205634
-209378
  33082
 776663
 162354
-463938
-881318
 748973
-671986
 -86843
 197460
  95637
 838084
-388118
 597011
-247660
-579654
 442459
 730393
 147882
 -31710
-519047
-935184
 763130
 427186
-497561
-138712
-921090
 260105
 229667
 671389
 199517
-921312
-895102
-409297
 888006
 950080
-699163
 478978
-364508
-966915
  34523
-251701
 603109
 188012
-548504
 849226
-702529
 371144
-491203
 220737
 428231
 874809
-134231
 754054
 471950
-581585
 755137
-937793
 552267
-390428
 116398
-423138
 828451
-904660
-377246
-415881
 987817
 622094
 954533
 981473
 600907
-435252
 305262
 186338
   5680
 407064
-266386
 556367
  99703
-566321
-679026
-859021
 783244
-861095
 217971
-156786
-917020
  56896
-221641
 626208
-296295
-690580
 391008
 836848
 464510
-399960
-560269
-207751
  72694
-585085
 630863
-659048
 199861
 253021
 112207
-618954
 285665
 746819
-215181
 -83036
 654130
 379650
-355050
-172729
-727502
-327579
-613884
 199796
-905163
 822402
 235229
 756639
 128185
-892239
-105191
-377485
  -7456
 -98276
  48774
-973275
 226667
 157264
 202474
 -23553
 913802
 468280
  87148
 705645
 732865
-627050
-844133
-678432
 357770
 131325
 781920
 572418
-361928
-886546
 153991
-159669
 425256
 988116
   2112
 715675
-269898
-545516
 375762
-148721
 219591
 926036
-260695
  11706
-935976
 481943
 164429
 642402
-152569
-757084
 431312
 608018
 909927
-238267
 724611
 883217
-713740
 486494
 -62692
 584803
-298007
-244850
 472117
 362536
  70281
 146769
-157843
 902782
 241749
 264474
 -87132
 996082
 968481
 293311
-836901
 448136
-256468
-904038
  41773
 154025
-357683
 204336
-356842
 723869
 708742
 434004
-215201
 -69340
-465495
 959460
 427907
 231010
 703736
 907607
 556941
 610963
 -24632
 261311
-353052
 560402
   8842
  13784
 391606
 365472
 177360
 512483
-330950
-676981
-459803
 748407
 751066
 408412
 553913
 871919
-761566
-412944
-226382
 -60817
 549666
 333472
 684065
 452154
-469705
 830486
-534996
-142539
-134961
  -9603
  66582
 431896
 -32076
 153634
 -94175
-399664
-827578
-301234
   7635
 381334
-442309
 752735
-552893
-826512
 584602
 420580
-498492
 833229
 330784
 520763
 812268
-637431
 414873
-259548
 404978
 858990
-923528
-217154
 249484
-949903
-786641
-458066
  91342
-901262
-306858
 975588
 -38147
-765040
-254066
 921180
  52443
-496755
-306214
-969859
-758032
-815346
-389761
 809730
 465330
-505774
-245600
 666138
 945049
-673068
 917604
-948006
 329158
 216224
 629350
-210578
 912378
 623308
-413439
 661147
 451002
 615943
-510566
 173144
  67014
-618923
-374074
-175698
 532917
 929374
 648343
-378822
-715693
-894543
 680332
-236396
 666636
 690076
 742510
-195813
-901790
-971144
-416393
-406982
-161494
-666692
-212552
-915144
  10470
-253553
-702775
 462994
-533511
-892406
 236918
-447059
 209344
  40559
 751110
 708133
-792685
 995001
-586921
-410254
-561866
-613528
-858648
 417877
-272415
-757303
-861350
-929937
-377163
 727320
 -10043
-456202
 271956
-890462
-711551
 455097
-319582
-910872
 407742
-572920
-253651
-381711
-418030
-587563
-821984
-274690
 945728
 518496
 860434
 315293
 322084
 973661
-213155
-567647
 -87080
 620234
 957041
 291704
-736355
 237493
 139906
-545375
 683008
-169731
 370399
-881923
 202265
 -34050
-926540
 520797
 735993
 395874
-833375
-865631
 391547
 849354
 517164
 492037
 374594
 638071
  82362
-208213
-414461
 476810
-268366
-790056
-552745
-611496
 701428
 217109
 -11531
-909861
 181441
 460216
-271813
 270189
-796309
 581822
-245750
 347285
-278532
-368721
-739114
-808721
-658231
-646895
-671816
 161500
  94936
 944879
-798952
-464475
 -40545
  97804
 -63092
-976625
 872671
-134544
  75997
-461585
 285363
  -2621
  32288
 949681
 799135
 560445
 204889
 305246
 669576
 774982
-955013
 -96561
-223484
 688655
-790027
-121798
 324315
 -50852
 -38310
-918787
-143010
 -47610
 708728
 315335
 928174
 454138
 872212
 416119
-692670
 -43979
 969796
-744854
-576895
 410161
-373676
-588211
-968733
  11117
-408689
 137335
 257950
-487581
 183218
 476458
 726472
 293963
-867578
-114201
-639377
-769495
   9070
 640821
  85625
 788222
 762657
-570715
  77748
-356620
-945813
-599156
 875016
 524673
  70734
-888414
 470160
 677423
-879609
 499463
 701785
-537139
 927560
-111942
 632774
 284049
-295733
 -24237
-775752
-888189
 899126
-517518
 528804
-146577
-572894
  45463
 595926
  97345
-443553
-743931
-921946
 964923
-244260
 206797
 935728
 500849
-922738
 643319
-655550
-690392
  37934
-466599
 714388
-127856
 698441
-428810
 685599
 619679
-880721
 -56815
 800257
 908155
 137093
 418243
 522090
-104507
 187939
 827185
  53716
-259970
 235379
 974028
 -37901
 -99228
-970039
-265058
-572846
-168874
-355690
-861455
-591005
-717529
-530810
 413249
-332849
 993417
-372134
-393320
 980066
-717032
-378153
  88814
 588709
 807771
 306899
 -31876
 104648
 182102
 984280
 480586
-771132
-208324
 781842
-520128
 765118
-539527
 295635
-948015
-140176
 410390
 580101
 798071
-762406
 -68126
 840179
-209343
 672235
 397115
 -53884
 302366
 215251
-989889
-430482
 508705
 168744
 179445
-856712
-234783
-923888
-743177
  -4037
-446382
 -97527
-401553
-516018
 554386
-145166
 856325
 262408
-287447
-916483
 827824
 548839
 102453
-800615
 -38705
 185795
 501384
-286344
  98040
-339200
 -60854
-565146
 360349
-271758
 365104
 683389
 574102
 -50484
  93053
 535996
-677408
-392852
-565943
-133606
-704413
 475501
 574786
 -26640
 351438
-128387
 894913
 630758
-431553
-311221
-813379
-140179
 862959
-214256
 691130
-904283
-268719
  38406
  -3389
 -83244
 218038
-404210
-597322
-905697
 683177
-976253
 -53632
 197894
-688136
-669415
 582434
-957655
 736493
 120607
-497877
 289802
-168127
 195364
-287607
 249205
 719754
 835712
-949054
-317337
  62775
-417897
-237300
 -67701
 949357
 247418
 134919
 -31079
-649695
 707211
 612436
 138802
-252575
-380717
-170528
-599577
 587991
-292717
 758531
  71909
-779567
 518870
 649878
 297673
 136962
-709317
-224550
 406521
-227890
-364972
 418743
  99283
 314805
 534269
-232949
 814716
 452486
-326572
 954894
  42181
-108582
-342887
-757939
 -74739
 158494
-455749
 719369
 356620
 140551
 776268
-812960
 324736
 -45944
-199022
 910692
-495828
-422245
 271403
 191549
 -42396
 164137
-383570
 298449
-654389
 600518
-654886
 723382
 592374
 606666
 957481
  18735
 446849
 -43924
 159008
 659985
 305409
-326210
 131079
 146032
-798625
 -20011
-175094
 838870
 -20993
-389299
 -33529
 953171
-405083
 221605
-517888
-392240
 721662
 -41881
 644699
  18680
-645754
-603462
-952676
 105137
 619445
-827256
 117745
 135448
 891051
 897472
 940825
 771431
-778822
-141105
 259952
-754896
 344908
-509277
 634525
 973236
-385030
 469083
 496758
 333289
-430240
-752325
-865069
 688309
-657148
 249082
 942185
 296460
-652733
-461436
 984556
-968122
 389755
 379581
-621487
 370477
-289820
-342612
 581928
-752285
-629560
-217857
 648103
 189141
-410444
-603725
-541364
 486127
 -33412
-707990
 569947
-137839
-525676
 735529
-434666
 684576
-308512
-469436
 -65244
-706319
 598501
 665448
 812924
 641974
-297983
-564154
-790054
 604156
-684349
 931668
-335780
  -1990
 759869
-779863
-706273
 621123
-607987
 -42634
 425984
 798647
-727966
  30287
-789457
-119360
 810964
-636343
-863134
 532737
-896683
-149283
 860457
-376064
 342077
-242688
-475117
-954469
-434874
-331118
-135286
  80524
 162340
 425428
-964841
 459353
 978102
 802117
 410427
-774854
 173867
-400770
-316559
-222752
 213043
-386964
  17272
 458500
 253138
-253089
  14354
 156834
-691354
-518531
-321946
  55684
 179784
  32037
-430478
-337789
-298844
 273292
 331372
-430047
 337723
  58540
-914314
 886247
-238446
 374529
 295412
-813580
 676114
 858344
 131363
 984795
-836933
 827326
-437009
-429419
-226934
-528664
 526640
  38151
-381843
 904949
 450448
-955035
-933335
-253327
-772996
 339014
 546721
-944666
-795822
-207601
-398454
 137968
-887886
-696979
  -4341
-739872
-281287
  60721
 -36358
-196908
 453420
-678928
 141819
 806537
-572890
-823944
-966870
 325459
 236619
   -203
-793818
 470627
 530251
-211491
-541564
 184103
 -44714
-415766
 476807
-255952
-941898
 264434
-954867
 631146
 330197
 764659
-273190
 963456
  57118
 305315
-495510
 -70675
-803474
 536224
 270353
 735393
-246022
  77121
 244480
-701822
 941088
 239425
 424507
  -4772
-922983
 382201
 600943
 -26202
 574932
-752396
-236471
 553165
 183170
-559131
  25804
 628958
-381617
 233279
-228436
-787038
-779043
-515085
-343696
 365043
 961267
-458186
 842267
 861974
-310811
-595157
-851825
-879337
-865060
-660280
-205920
-575272
 617209
-164844
 784195
 975784
-167325
-960082
 146070
 178751
-240050
 194561
-415684
 566149
-843243
 520407
 398617
-305691
 986462
 679976
 333291
-284351
-738727
-286833
 135792
 265364
  55303
-607359
-563876
  56843
 610288
 932105
-871664
 450491
-858822
-757246
-745342
 292318
 931092
 191013
-211922
-572983
 511578
 289035
 829853
 278819
 224511
-590563
-989466
-818872
 908181
-152116
-276422
 321542
-909885
 724105
 353732
 589982
-403255
-669019
-131850
 133806
 363437
 463957
-441907
 871145
 395889
 -62602
-893455
 730638
-455994
-207064
-842049
 511745
 501852
 518380
 402667
 331805
-730852
-405775
-307382
-675321
 315972
 108618
-290553
 745125
-743845
 918675
 395963
-119396
 494194
-290581
 843001
 378106
 371229
 515060
-186185
 503448
 376906
 709460
 792506
 691977
 635613
-549850
 669921
-534659
-582162
  -1934
-861787
 864582
-292459
 -24233
 -88773
 833380
-572449
 -63582
-770810
-323478
 570860
-248872
 179736
-848046
 911519
 782253
 -79575
-872708
 397802
-270985
-531217
 612444
 187114
-696800
  34598
-323353
 359331
 -12852
-569335
-708518
 -45600
-894761
-724550
 597266
 762761
-989073
 203900
-478633
 446623
-925409
-736805
 -41192
-615737
 788583
-362013
-552036
 464423
-527994
-913767
-338272
-537021
 294704
-225823
 239449
-449784
-529269
 979890
 156384
 546412
-333469
-359449
-671947
 498630
-996668
-580092
 465795
-914443
-730609
 239222
 233290
 794747
 546848
-967795
-557105
 199292
 357826
-700244
 142762
-153457
-599489
 598222
 124645
 368499
 291364
 436420
 947800
 637363
-938163
-297869
-570502
-450994
-564409
-815317
-678875
 320619
  99521
-600927
-125286
 401068
 -42784
-933070
-263493
 647427
 208444
-107690
 412836
-499651
-815717
 552229
 578242
-991703
-100470
 908260
 -41868
 780846
 -95919
 828261
 392622
 -50641
-114684
-619090
-699892
 843174
  84289
 748728
-753073
-908804
 490176
-988835
 961941
 819246
-809728
-887191
-934488
 916165
 284823
-337543
 457332
 193014
 733879
-964695
 193693
 516168
 273464
-838834
-191303
-306576
 270782
 463148
-140751
-924017
 480616
-342310
-680052
-777906
-148258
 -36024
-856524
 -16388
 159932
 626373
 494400
-634820
 331839
 246902
-287291
 230970
-388846
 427352
-959643
 250986
-668600
 326572
 327179
 193347
-520759
-726653
 819398
 834037
 507577
 574229
-434452
-238615
 749290
 835737
-489965
 502268
-976547
 152686
 879611
 671484
-196527
-588423
 356125
-241071
 631059
-433496
 569093
-466370
 388307
-331108
 336683
-212055
 218640
-283468
 635381
 232436
-365233
 713449
 -85075
-320250
-725848
 790444
-617787
 679373
 893290
 441997
 548129
-575574
-921551
 324083
-413510
-383709
 482063
-629921
-745781
 -29951
-615810
-613801
-143516
-752468
 173308
-675985
 118655
 719012
-625918
 736071
  32941
 404862
-877607
 417740
-202339
-890204
 969196
-675041
-229815
-582345
  71275
 525835
 537821
 679669
-189157
 870605
-920760
-213815
-922467
 657832
 767500
-450947
-852990
  93371
-402995
 888389
 870868
-214794
-458505
-623889
 267731
  67251
-512558
 845630
 236114
-326245
-764128
-777363
  94808
-711338
  93513
 764335
 749368
-317330
-467590
 810266
 773891
-631686
-346344
-954925
  18771
-155930
 583732
  76119
 483105
-729230
-571405
 218818
-139395
 417009
 843177
 999434
 253944
-895269
 221748
-388767
 571732
-138555
 389762
 835920
 666165
-648745
-753541
 379759
 117410
 105345
 979837
-590518
-301911
 124313
-884897
 660449
 604383
 304865
-569395
 629774
 345687
-890209
 971592
-483499
  55141
-563318
-565323
-440210
 257964
 715731
 445719
-212282
 539424
-200719
 143165
-425686
 314140
 996188
 729750
-356820
 435330
 -98521
 941124
-787309
-989235
-623366
 -87945
-306946
 411700
 712134
-599486
 402966
 214507
   9564
-187442
-560458
-245503
-751815
-920025
-387590
-639353
 722169
-566951
-843516
 921153
 495113
 483170
 315405
-628511
 175953
-884234
 734277
-119549
 887702
  42457
-163223
 -52894
 209457
 171157
-816252
 460328
 435366
-273087
-749987
 662971
-673314
 107820
  62185
-662982
-908436
 651289
-851926
 933125
-983445
-656953
-104739
 418844
 613325
 305432
   -520
 -44562
 -77768
 429122
 506134
 827695
 934366
 460703
-143655
 209655
-192626
 244234
-152729
-802993
-832451
-649575
-154623
-321910
-510854
-471922
-610944
 847004
 128910
 493401
  77208
 124171
 143621
 959823
-358208
-392072
-413582
 798226
 -40205
 693868
 776531
-862500
-410850
-492742
-406981
 119633
-493256
-587952
-524204
-324656
 158999
-706027
 781064
-948235
-471075
 669632
 230007
 101324
 484793
 829147
-807980
-421087
 875095
-824982
 561523
 349221
 364789
 170887
 636227
 192096
 681695
 714264
  95047
-624116
 292633
 537302
-609791
-740462
-817043
-687222
 301990
-584388
-422303
 815430
-610363
 -79193
-815892
 716513
 -18922
-442047
 561011
 968666
 295164
-300203
 334846
 418039
-561659
-109566
 765268
 743849
-191664
 998481
-911069
-415529
 543697
 852322
-130082
 169243
-337869
  77943
-679783
-813358
-678096
-615121
  65453
-309002
 588438
 796878
-582139
-420869
-710922
 617050
 698369
-595882
-266283
-526950
 785631
 731577
 455030
-147387
  15737
 589474
-452298
  18800
-734691
-435891
 528416
 158916
 494098
-958354
-293415
-974838
 209580
 924069
-301460
 843915
 662364
 293157
-877794
 395250
-166421
 400214
-384756
-568581
-467490
-511077
-275135
-194754
 932533
 754288
 461890
-408046
-365284
-735703
 -48142
-931447
-724907
-653956
 859913
-453708
 886927
-341136
-232061
 545202
  32630
 473822
-386978
 783790
 575442
 406081
-160341
-157880
  39143
-730968
 583145
 406495
-737676
  24413
  57506
 547185
-374521
-961816
-759371
 452810
 360955
  11032
 -61490
 953825
 737590
-487605
-644730
 254946
 542005
-244957
 164703
 910213
-118574
  94093
 862543
-487418
 808311
-454107
-905440
-188047
-630370
-409975
  81838
 511443
 -89115
-505680
 956233
-794046
 746028
-624157
-294708
-511207
-563882
-903851
-708140
 -73478
 319752
-442225
-600647
 726614
 548608
 -58380
 455033
-295840
-809943
 192940
 220718
-906377
-397083
-298971
-906248
 910253
-765266
 135446
 133106
-328767
 608629
-235219
 813891
 573764
-472908
-944784
 769304
  -3526
 204783
-792704
 872936
-906583
-621451
-517689
 -70837
-921900
-754609
-644155
-950684
-556592
-715702
 882530
-320453
-179277
 124389
  47812
-834556
 723403
-624063
 -47350
 528154
-844331
-443061
  54850
-595135
-553598
-838542
-476069
 688802
 776679
 804654
 883816
 984216
-665978
 354551
-390492
 -37638
 -91832
 700281
-716351
 737206
 808005
 911166
-609121
 885244
  -9266
 983992
 364995
 858515
-110232
-821919
-584754
-733517
-222709
 393069
  93979
 905883
-401167
 680546
 -65171
 838908
 213934
 394069
-524618
 561148
 847804
 196994
 714966
-128151
 488418
-929021
 494494
 728844
-966925
-517063
  24866
 914981
 442935
-340034
 280899
 670428
-931285
 274405
 537031
-805141
-251733
 838877
 601219
 878189
 960071
-684199
-452158
 864255
 413104
-938959
-954491
-549457
 360963
 747232
 582377
-404833
 721477
 594260
-662816
 311052
-435207
 678345
 449176
-469509
 108875
-718271
-697069
 755625
 897898
 923996
 595474
-523672
-567432
-892623
 211170
 -92626
 342307
 543320
 945160
-494550
-206618
-859811
-714366
 784416
-885422
 -55816
-894028
-416688
 601980
-535955
  75038
-448272
 -87379
 987976
-671336
-144661
-663246
 258506
-432193
 661179
 301026
-414325
-678365
-702377
-999482
 299910
-579399
-219331
 393962
 636213
 541386
 428621
 550510
-642291
-994172
-282293
 486346
-697846
-601027
 500329
-722932
 405231
-435998
 -97031
 867842
-822334
-131655
 304778
-266440
 394071
 620355
 439933
-135047
 818311
-564036
 666967
 301188
 321895
 950009
-149681
 962879
 194351
 644995
 316887
 669855
-730478
 327205
 162362
 131517
-730816
-971030
 925761
-455172
-881332
 371573
 754172
-837397
 503702
-767189
 939691
-924562
  64187
-460363
-213105
-267194
 755836
 284269
 224035
 133260
 132853
 459058
 706939
 274903
 372657
 108560
-523886
 100223
-834424
 444746
 239882
-571211
 674383
-701753
 884850
 -95284
  30719
 484075
 -49616
 353115
 495130
 896421
 597872
 567897
-151789
 377131
-907327
 585301
-535189
 793799
 482006
-246621
 792014
 237532
 947779
-728815
-548636
-510230
-754988
 830769
-134096
-424310
 349525
 564540
-669389
-859111
 800000
 361661
-929499
-642022
-545808
 341417
 293142
 824261
 507077
 481339
 331035
 784970
 456714
-152507
 564924
 186798
-770997
-372413
 621744
 248192
-373412
 183776
-361798
-533821
 249759
-786742
-468285
-576928
  84674
 247171
 888070
 123998
  69994
-940954
 874794
 820576
-846466
-198696
 -64360
-519841
 413301
 835817
 867897
-745257
-814542
 760737
-983060
-156219
 452300
 383690
-975661
-177594
 975567
 537516
-418877
-395741
 261168
-677490
 743278
-383219
 480864
-512889
 850048
 614752
 139500
-128158
 488866
-336364
-469557
 258152
 833848
 721918
-329288
-617575
-290730
-357741
-150218
-339655
  58605
 -60545
 948206
 295733
 776491
 566118
-204815
-386446
-923360
 116734
-125131
-555445
 829074
-936377
 903348
 933468
  68362
 304550
 178031
-858169
 637794
-675303
-217209
-502112
  99145
-569248
 881546
-215154
  47671
-532355
-977555
-979870
-126203
 172551
-285739
-570339
 752863
-597907
-859158
 922355
-396636
-431992
-901972
 335349
-349957
 622042
-834504
-455045
 920792
-588121
 820809
 312385
 221946
 358344
-689506
-742385
-168178
-431274
-568832
-356581
 674045
 765926
 -57998
-884303
-293634
-151830
   5147
-367322
 661158
-171701
 528045
-229132
-975870
  68887
 994541
 -14330
-105242
 430347
 816875
-214472
-533147
 695241
 448294
-987944
-262722
 670460
 204011
 407896
-526921
 428566
 192422
-787069
-215702
 890061
 429165
 -76401
-215632
 327430
-674683
 -16118
 894837
-271483
 291519
 838441
-884307
 246793
 613342
-265182
-391201
-800461
 245117
 918281
-374827
 633088
 313504
 217359
 720122
-726847
-963572
-174261
-932098
 -71651
-631581
-270052
 462696
 710444
  -2871
-730177
 327021
 246816
 399661
-974726
-779536
-466019
 561982
 761918
-337487
-970482
-505221
-323409
 297861
 922557
 362367
  43216
 418096
 848185
-351379
-484781
 314758
-750004
-527316
 786190
-626536
-227198
-400270
-851571
-490246
-245548
 154694
-398580
 708758
 261928
 721320
 866961
-708132
-629074
 100561
 576597
 575455
 939821
-653411
-723702
-562659
-283964
-842368
 750735
 107167
 745668
 795936
-928052
 253927
-205604
 368759
 730372
 593421
 197735
 516141
 460986
-792837
-432232
 -72500
-817429
-820791
 599656
 348268
-179323
-332533
 757495
 604566
-630939
-504647
-386087
 304433
-974790
-940742
 401718
 215425
-812990
-745848
-929070
-697639
 530430
-208779
-484288
-642530
-278931
 235814
-511197
 884440
 925365
-552299
 759536
-110012
-300682
-413950
-639701
-740446
 105817
-179767
 633268
-219912
-583888
-574030
 540067
 485970
 524971
-794769
-676528
 915456
-936244
  21342
 601779
-707382
 670834
 788299
 930690
-173528
 953372
 630256
-151686
 608708
 941968
 678938
 662004
 863853
-623915
 293344
-263835
-189024
 -79590
-250006
-808617
 190764
   2472
 390115
 930237
-967997
 546671
 787224
 188879
-892152
 680272
 739075
 -54220
-993102
-276192
-255310
 164678
-366702
  74845
 705662
 976296
 -84083
 566257
-605121
 254552
-483227
-126694
-227988
  46741
-918327
 813761
-552561
  52370
-103966
 343158
 490779
 -96212
-820874
-766451
 912173
-271428
-594932
 102219
-324098
-390505
 415817
 358981
-739221
-581048
-493281
-250672
 905906
  43682
-174856
-660620
-288936
 638328
  83573
-769139
-163944
-307727
-775264
 237320
 217311
 805135
-950446
 106410
  95952
-894729
-675073
 327149
-535407
 551338
 412913
-249998
-731307
-956895
 891116
-952491
-347197
-110540
 729513
-886927
 151452
 362181
 180958
 548968
 821458
-814640
-676927
-745321
 905026
 221253
 -43124
-557793
 578187
-201772
 715988
 895739
 850766
-871471
 592794
-937132
-948712
 534668
 220873
-767699
-105706
-728223
-756573
 920920
  23267
 717975
 887780
 453503
  63221
 -82786
-699804
 655787
 853191
 477981
 942988
-510133
-343580
-768970
  73299
-866824
-145980
-200064
-651072
-748632
 -62766
-513514
 693839
 698061
-740813
-138189
-965796
-668197
 112903
 640892
 399822
  90368
 219592
 377799
 198958
-281074
 -11349
 846765
 725469
 475308
 687414
-202267
-599103
 195573
 773161
-659537
 789481
 706793
 533407
-949735
-468712
 422684
-603371
 890625
 334478
 374532
  37498
-128830
 375389
 344726
  18999
-287580
-837918
 663787
 288154
 397148
 862228
-154309
 273454
  72611
-845106
-170449
-506252
 565922
 482043
-477440
-466823
  76039
-197149
 963766
 156729
-189398
 803444
 506003
-244964
-521500
 -74149
-451834
-848758
 591434
 448277
 221599
 650529
 851608
-774058
-867641
 867981
  33541
 541515
 323981
 709628
 385362
 601847
 342255
-186933
-900814
 480360
-168723
-556156
 780115
-101207
-416566
-552439
-618176
 970976
 713828
-616151
-409648
 159262
-754117
 175520
-736796
 802295
-199246
 362857
 615182
-392790
 587349
 369472
-812387
 985289
 -90185
-428764
-642664
-700034
-844308
-572230
 319527
 -71770
-931718
 487687
 704942
 247351
 411318
-747281
 107050
-677514
 423914
 880555
-810843
-277339
-755012
 523100
-451336
 113894
-116108
 836685
-346013
-574311
-263587
 331258
-132339
 967353
-621125
 643814
-862038
-392892
 476700
-602803
-114346
-859296
 935537
 435767
 550656
-534726
-516329
  35560
-871997
  35421
 330033
-359562
-292746
-557554
  30508
-990007
-517491
-646030
 612693
-376541
-948370
 625291
  41124
  82162
 425027
-812783
 427414
 779998
-950600
 250486
-566578
 -21835
-241799
 133904
 607505
-122869
-620123
 -82039
-616300
 -21391
 174210
-183442
 223381
-349092
-531193
 425159
-737127
-485329
-962068
-799913
-334389
 870259
-697445
 -82749
-264406
-865365
 986464
-534599
 197699
-944866
-278075
   5372
 313101
 227477
-855985
 551977
-777287
 267291
-155378
 227729
 624346
 -60304
 687824
 272468
 282174
-274530
 394409
-450896
 -63911
 708124
-814288
 737522
-985855
-934540
-412009
 119465
-608126
 599165
 300346
 977363
-517267
 803714
 749855
  22203
 367717
-538446
-641067
-890752
-163033
 763135
-112270
-481892
 -84062
-221619
 139310
 771754
 810311
 927840
-653347
-710386
 265080
 566681
 836581
 154688
 -55939
-272139
 497794
-293970
 552310
 450738
 943412
 324355
 255508
-608732
-162952
  -4673
-271873
-889727
-569819
 370067
 183019
-771431
 329351
 442544
 128347
 700445
 988551
 149482
-398510
-252448
 914568
-938126
  18924
 192298
  53023
-792040
-892183
 611332
 835747
-828790
-594319
 173689
-177105
-898380
 585482
 238406
 -95581
-590510
 711791
-308613
 910690
-165308
-476487
 528647
-310638
-518357
 506404
 619291
-627104
-580209
 789535
-173584
-745037
 599755
 101446
 693283
-349999
-122640
-845149
 715413
 683361
-998764
-408785
 769574
 866207
-905937
-911407
 677690
 331728
 885203
-293166
-141216
-234592
 853636
-581433
  33473
-703888
-161299
 712355
 638901
 903004
 349547
-446056
 658750
  23298
-289771
 355274
-182405
 762929
 632405
-186871
 215101
 181592
-589183
 931853
-477541
 664664
 149822
 414534
-814045
 609879
-808440
 724430
 306113
-552142
-418317
-543047
-465314
 -61196
-128708
 756562
-542747
-784571
-558432
  45307
 643102
 556274
 150387
-191227
 522693
 639304
-358150
 293364
  82977
-576527
-530806
 753015
 960530
-463563
 278269
-527519
-910745
-142162
-901285
-808514
 592131
-121884
-641206
 790780
-767820
 510906
 599079
 -93151
 616391
  78342
 560867
 374838
-575044
 985422
 243392
 156254
-174708
 895655
-336678
 704927
-484346
-534745
 554050
-975295
-836697
 166036
-860258
 562353
-344002
-331121
-474723
 986299
 -81562
 532226
 170152
 715651
 493953
-476610
-681446
 710603
-882589
-361591
 417189
 737423
 380396
 113959
  29408
-790699
-447531
 866234
-538872
 797545
-434105
 491792
-376456
 -98553
 602601
-910806
 -45504
-168617
  -6789
 -61678
 553834
-319097
-587472
 622796
-652463
  78103
-871739
-104409
 -95256
-201386
-407391
 250057
 374555
 771670
-324197
 186268
-877884
-114117
-639979
 521156
-839465
 668936
 -17515
-341678
 840085
-332744
 758546
-866711
-332753
-809995
 578551
 985030
 770612
-231496
-479985
  92043
 737194
   1207
 313318
-747635
 969622
 957912
-491419
-319380
 851813
-759486
 116229
-806474
-502595
 725357
 964059
-354272
 687440
-362926
-627967
-803649
 861740
 163492
 560762
-371631
 501084
-380234
-882548
 214357
 689017
 219231
-574258
-184513
 301606
  96097
 915982
-486767
 563105
 240318
 711461
-300971
-902084
  11278
 135381
-310701
 250991
-950590
 339355
-674118
 660330
 213522
-109011
 734863
-161223
 776612
 643767
  90543
-758793
-355943
-389036
-119805
-701830
 154254
 236169
 374367
-622357
 324392
-690701
 431548
 894274
-643867
-905542
 571972
 436954
 547174
-101963
 340066
 -65481
 945706
-541943
-902621
-249732
-551528
 922082
 808562
-792827
 457888
 151924
 300496
 602524
-566855
 935261
 761186
  74824
 523243
-949058
-713164
 638587
-785386
-216699
-900653
 498891
 271953
 652677
-296014
 -81190
-931599
 364486
-831642
 956508
 502009
-989987
 182924
-937023
 739914
 796478
-493955
-591334
-723320
  16614
 492349
-913626
 337736
 -34779
-350934
   5534
-461307
-436353
-369715
 573249
-808663
-971733
-713248
 291013
-421614
 284977
 207231
-924391
 892195
-732825
-479921
 887259
 285777
 255184
 884729
 581589
-681045
 129209
-669878
 -41644
 687939
-137514
-412042
-160746
  74809
 716441
 -84913
 932633
-508811
-201453
 -14138
 178946
 163947
 -40303
-360034
 109920
-646471
-913726
 105603
 816976
 120040
 565371
 850820
-770761
-708203
-773334
-696117
-472222
-215766
 579257
-706361
  -8960
-882340
 306517
-809742
-302377
-935248
 382835
 455358
 236982
 748268
-905796
 -88427
 898664
  13469
-413727
 918587
  98421
  42019
 434690
 526781
 532135
 646206
-812926
 390120
-577437
 783418
 533401
-803671
  95711
-560173
-793055
 828466
 465625
-119943
-362630
-809419
-483446
-575839
-147685
-902592
-216460
 897950
 822196
-261125
 836492
 -99626
 962016
-554016
-560079
 617927
-129764
-496455
-267531
-120155
-725613
 623881
 -34109
 913097
-574407
-127395
 832988
 502529
 825565
 338662
-270316
 331750
-114488
 529790
 644125
 745249
 313984
 284830
-660151
-969289
-845260
-935884
-780368
 487224
 624733
-665814
-214691
-148117
 480554
-115617
 364075
 801710
-254027
-352523
-148109
  85456
-165523
 728065
 566827
-388074
-898659
 332963
 537601
-711758
 739748
-409118
-146299
-911711
 725569
-784399
 785404
-565415
-174156
 978283
 785642
-640860
-480680
-338136
 537446
 993483
-522349
 -48143
-278792
 928564
 479330
-858940
 163112
-705630
-785575
 345503
-644511
 -43061
 242746
 443040
-317104
  33794
 241632
-571692
-743868
 326025
 149894
-162312
 909645
-463209
-713885
-627132
 951281
 788881
-219116
 904538
-571554
 333067
 188244
 -82944
 617999
-996150
  90980
-825294
-330536
-648725
-971295
-455961
 412878
 -29687
-917239
-369477
-235133
 193342
-842159
 456486
 840099
-486922
 667447
-241389
-624434
 559030
-165693
  28257
-807304
 407382
 608348
-980468
  84329
-478051
-837772
-260664
 545437
 991596
-124996
-964303
 789197
-208914
-639242
 302877
-404922
-525970
 523616
-439146
-137286
 838672
 543307
  43844
 399632
 651894
-911887
-238750
-531091
-382574
-446969
-260024
 968994
 298357
 843621
-631536
-551751
-174679
-841736
-963301
 -89606
-827413
-971798
  58679
-775233
   1013
-350747
 910967
-923738
-611230
-180953
 518395
 153561
-947348
-634749
-809000
 263195
 261390
 354760
 754444
 853037
 967657
-569488
-237656
-245524
-131006
-703814
  41126
-419077
-330417
-156914
 633448
-612712
 921868
-384718
-974685
-183998
 934678
-502553
-828792
-307738
-250755
  44434
 686632
-501558
 802788
-249908
 421481
 265711
  30114
-227261
 837717
 848482
 856106
 471725
-251350
 344272
-881469
 -11337
-502127
-534309
 103717
 773946
-858647
-320144
-960926
 565609
 648727
 596152
-296460
 545538
 240016
 354482
  65581
 650990
-536625
 268336
 214252
-506541
 281327
-453306
 134445
  -1047
-924526
 982364
-898299
 336243
-205142
 859358
-781532
-547470
-969663
 880654
 551882
-171964
-814655
 540036
-556503
 318430
 226158
 374293
 -38035
 833463
-580882
-563036
  94767
 773099
 491022
 246365
 498562
-775345
-452881
 123639
 249038
 659552
-648376
-633996
 -30644
 -77656
-277718
-877024
 639693
-215738
  87051
 722105
 986709
 799912
 941823
-511031
 404202
 602851
  67864
  73270
  25872
-828647
-777697
-438424
-789615
 -98086
  20045
 336383
 696375
 331229
-434185
 504729
 872656
 -72099
-206875
 315840
 -55087
-478322
-560320
 890995
  42170
 301225
  69839
 442441
-671875
-701594
 811098
-815207
-492233
-689939
-913368
-151177
 590279
 580283
 127817
 531387
  37054
-601215
 385886
-442366
 166476
-801762
 807867
-700062
 618489
-690785
-372371
 613074
-166066
-525875
-193017
-461492
-940449
 967300
 713677
-509466
 -82104
-543397
 297984
 478726
 252726
-824889
 624299
 127450
 811766
-831017
 831570
 456545
-586182
-563723
-562538
 311473
-246976
 508822
-880133
 -75236
-771129
-796909
-625952
 142008
 575454
-125991
-467939
 734778
 852795
-111407
-140287
 324964
 -30153
-285881
 427810
-775695
  84409
 257637
 529026
  -8816
 645700
 -40155
 129334
 321479
 351821
-224880
 844873
-224318
 344520
-585875
 179828
-650193
 494981
  39793
-845822
 584362
-187314
 501978
 908007
 482002
 -47950
 750531
 684658
-940194
-811198
-170351
-175612
 933549
-976684
-969546
-206798
 270703
 911847
 733002
 485760
 553071
 946623
-877367
-583011
 901783
-411245
 163499
 409238
 255266
 329189
 401950
-703505
 810503
 949781
-402174
 883810
-740308
 339343
 720415
-337556
-209049
-954998
-297502
-319292
 371436
-424368
 895897
 957173
 190198
-690251
-518554
 166070
 -17887
-495491
 107057
 729271
 651949
-302845
 131728
 144915
 360854
 873971
-468673
 -32495
-291351
 638405
 924429
-723829
 513904
-980803
 294867
-474037
 465382
-281156
-262965
-546321
-494319
 672945
 -95035
-477288
 171750
-876717
 349805
-441869
-374546
-452413
-816514
  59638
 734069
 541854
 114808
 -94521
 473298
 916540
 100720
 253348
 974863
 745192
-544803
  76474
 120025
-370036
 821223
 307312
 532174
 166142
-371797
 438541
-594228
 868191
-283122
-737095
-840061
 -44586
-909338
 524475
-273298
 458837
 927522
   9069
-319671
-870492
 827095
-419119
  41702
-813894
-512085
 241324
-301563
-894776
 452278
 250805
 630675
 674525
 128299
 313595
 -62901
-188139
-330069
-770053
-940701
 889734
-375851
-231252
 657938
 192519
-484665
 756598
  92630
 898475
-513102
 -44430
 873088
-817723
 716001
 265287
  57578
-697111
 587255
  83014
  14930
 381261
 700493
 298663
-630359
-389405
-739816
 -34788
 727656
 939438
-704393
 153993
 -16254
-306557
 828714
-187006
-547222
 -13310
-694227
-290588
 724009
-422198
-765298
-252783
 851851
-138674
 656012
 118204
 899916
-107944
-701719
-896185
  27247
 384158
-331421
-187447
 879437
-657966
 670988
 800822
-498277
-543073
-601145
-553425
 970049
 320881
 256383
 -91205
-753561
-654153
-203613
-323776
-736496
-638243
-777684
-538317
 394890
 228814
 637425
 141625
-825521
-403952
 189117
 134491
 170807
  35512
 222189
-381161
 216792
-963444
 518127
 444304
-471064
-441762
-311487
-768537
 667484
 -13755
 920882
 771573
-933992
 751206
 291902
-309258
 590315
 455848
 725121
  91700
-770460
  75760
  68207
 827531
-160468
-216827
-556745
 909799
 812266
-171910
-691465
-331839
-266262
 342050
 821086
 354391
-156325
 493841
 881320
-519860
-925005
-146649
 150119
-273687
-705000
-133385
 353970
 998987
 -89833
 521013
-750048
 797385
 140364
-451263
  47547
 219172
 780488
 431554
 822793
-825548
   8483
-658466
 926198
-621817
  59575
-819052
-308643
 533319
-770349
 670491
 749338
-583367
 444900
-102723
-794154
 958980
 795376
 444957
-324145
-197894
 245212
 320655
  28305
-760032
 672773
 214995
-764867
 408792
-963171
 120503
 410253
-997272
 323064
 877286
 966472
-857927
-365060
 429111
 472715
 425023
 926870
 583322
-828216
-994960
 159724
 236644
-995532
 803942
 -20058
 604935
 -78714
  31836
 289353
-893019
 283571
-527350
-399633
-836311
 777048
 686795
 -82386
-956891
-891108
 534496
 588209
 -44316
-240207
  73082
 216509
 557024
 844501
-640819
 436697
-337226
 926856
 925453
 110729
-645902
-357304
 172260
 882821
 901949
-139489
-772537
-848492
-954124
 610723
-964784
-895602
-676894
 735742
-133072
  33610
-320339
 432530
-239307
-557541
 944093
-566161
  44134
  49782
 119412
-831915
 -46422
-303487
  38922
-547580
 325536
 615300
 331829
 -48431
-932342
 758396
 838926
-463320
-648496
 253026
-477275
 249122
-920131
-466174
 196309
  41103
-940575
-259084
-488489
 469998
 714626
-963228
-180816
 650072
 182596
  97427
-507369
-422454
 644659
   1396
-443405
-256411
 397976
-802812
  21752
 873351
-672432
-896252
 615772
 818572
 133095
 757147
-868274
-771158
-771756
-138593
 432882
 124064
 686770
  44293
 125711
-318447
-101091
-450817
-206019
 464226
-378923
 395539
-993497
-930407
 300907
-196235
-925846
-565546
-960404
 280157
-101314
-839346
-802011
-668463
 889913
-128620
-796409
 856403
-858775
 551400
-655013
-853231
-807039
-507624
 950546
  39328
 958766
-181118
 635378
-907257
 239677
 997632
-463725
 601893
-371784
-796005
 182827
-587555
 728426
  96609
 734200
-634693
  43181
 -70852
 604819
 638042
 671945
 -88289
 106298
-189742
-779063
 433161
 177748
-243562
-452098
-156624
-555232
 871721
 582972
-587250
 377209
 451287
-697534
 -34870
 847772
 464311
 888543
-415086
-626212
 932868
-908686
 907360
 -43894
-152820
-394780
 629042
 651399
-115151
 741115
 935855
 882078
 767904
 482911
 649032
 212773
-306603
 998992
 422643
-706115
  44617
 440305
-616902
 663650
-220241
 121376
-359261
 887333
 414601
 753326
-235160
 392087
 243009
-781989
 743810
-351231
-310380
  12128
 357609
-417927
-545880
 939049
 898226
 630183
-797041
  -3100
-186105
    634
 956111
 286783
-137077
 660194
-241228
-170506
 832355
-193212
 781843
-964599
-175884
 688909
 991196
-385086
 774621
 958850
-288305
 468328
 115679
-520180
 -96990
-764811
-560076
-362790
 741924
 113793
-132813
-436138
 833934
 114337
 949632
-303755
-975825
 648968
 502007
 998447
 766329
 314955
-539346
-293715
-455297
-799469
 711018
 559252
 645925
 946888
 -44709
 104565
 -22311
 797720
-573108
-564428
 258120
-676376
 283792
-229739
 331983
-433843
-881676
-572642
 191153
-836425
 508405
 160202
  -9616
 855355
-938022
-799027
-937943
-354952
 793659
 966133
-954412
   9461
 -56841
 640455
 464030
 232800
-340323
-805853
 257837
-821388
 826922
  75779
 883199
-538429
 966921
-395542
 370482
-859416
 468892
 816188
-294974
-944246
-372893
 247179
-809195
  66210
-884670
 549185
-166311
 744150
-455117
-398805
 783951
  12364
 498413
 626654
-238618
 143554
 392678
 766194
 935642
  40536
-685838
   2147
-683470
-662891
 -74157
-800690
 862830
 427547
-812962
-513936
 702485
 734031
  64934
-471977
-315232
-965517
 903239
-777429
 156721
 826778
-564430
 178736
-329759
 256902
 841193
 588767
-788838
-367918
-148930
 792408
-930269
 370597
 946603
-398186
 993010
 903401
-717385
 872832
 883701
-182111
-150527
-383291
 161193
-600313
  88955
 863407
-857992
-960083
  -9202
-828499
-958497
-268604
-507900
-640141
 890235
-186045
  14501
-801160
-753570
 223111
 905199
 178106
 637183
  37523
  92191
-210455
 623799
 372100
 904689
 824054
-671262
 313471
 996304
 -16604
 695485
  52907
 293178
 277814
-926899
-439316
 209967
-147458
-258803
 986534
 861519
 219686
-881260
-357871
 925275
-442928
-967119
 185489
 875721
-713595
 903572
-109681
-555472
 213326
-205469
 488338
-682257
 747959
 721492
 -32343
 960353
-244511
 884813
 690869
 313526
-468600
 746338
 284431
 562871
-806468
 185564
-636687
 404991
-355650
 -43568
  70919
-936570
-954043
-415555
-500745
-613544
 738962
 868940
 969611
  33640
 909374
-166506
 361482
-736422
 243637
-888895
 265836
-565132
 565855
-915715
-583879
 459026
 519903
 909560
-719564
 648570
 339931
-743279
 335413
-301491
-259379
-459168
-485486
 -91659
 -20330
-314780
-972565
-339122
-192138
 176003
 868072
 534322
 821131
 582429
-948726
-701181
-823500
 273967
  37783
 981752
 514875
-622447
-431848
-516853
-829541
 690597
 601247
-959473
-972859
-100771
 285474
 988754
 731964
-281416
-388136
-220310
  -9138
-251937
  31423
 868029
-714799
-590349
 -48545
-774653
 -97910
-372049
-818252
 536674
-353139
  36199
  65333
 489659
 721888
-237668
-641882
 316143
 923587
-142832
-339988
-890685
-425682
 533732
 736565
-854314
 231248
-329541
-574132
-360680
-443142
-402523
-219288
-160971
-204362
-207690
-892665
-979232
 877295
-932555
 455229
-324534
-755480
-524208
-751410
 848184
 666394
 161348
-508350
 311630
  30214
 942071
 338324
-435739
-103863
 616932
-172090
 524481
-900196
-775735
-559404
  17404
 421049
-740288
 275550
-911690
-822038
 498452
 940255
-192321
-725354
 219599
-112668
  97189
 322648
-830344
-710325
-247364
 307399
-910975
  66709
-877873
 416036
 559974
-304475
-262209
 689764
 -57927
-381011
 240506
-861484
-776260
 876984
 445413
-691850
 660837
  45366
-878520
  59103
-133749
 332095
 382817
 643190
-639219
 997966
  41687
-468556
-617960
-298738
 255002
 117998
-384938
-143471
 145594
 206988
 863306
 -43934
 938841
-366359
-501428
-581449
-690678
 -67076
-669907
 -23122
 793676
 846726
-604052
 868042
 894477
-941540
 942367
 -16466
 -56521
-839766
 354446
-298285
-519950
 677519
 -67136
 242796
-603137
-146878
-605633
 856901
-146307
-477309
-788419
-427479
-435154
 637990
 188602
 371143
 406642
 221451
-146380
-908958
  40012
-966872
  52699
-388519
 640376
 441142
 797258
-651849
-707699
 349095
-775307
-155620
-928032
-985434
 247081
 324990
-892240
 608556
-425266
 399767
 883942
-334609
-282879
 800115
-275722
 594560
 881936
-939093
 735202
 808386
-446286
-139321
 886558
-737971
 206620
 810858
-274455
 777449
 861766
 766357
-455206
  84750
-198069
-904941
  29131
 907499
-555432
 970375
 449674
 111203
-823885
-978051
-464094
-668181
 873763
-391425
-287877
 800057
-229073
-594348
 294192
-543477
 668918
-529758
-413753
 845709
-603007
-415141
 901348
-859659
 -99145
-254291
-516078
  25182
 581266
 593878
-945047
-564214
  34193
-442089
 -29498
 143363
-361712
-459232
  48173
 221938
 724591
-671560
 719283
-439855
-509353
 428681
  48734
 948289
 202376
-232299
 379519
 799788
-303659
 516241
-273682
 266568
 768726
 494141
 740335
-111384
 874652
 951391
 650520
 683554
-912859
 576347
-461180
 962559
 294261
 -34065
 924978
-307627
 685840
  20461
-145561
-450496
-352944
 124191
  16089
 754914
 117765
-806939
-555452
-504421
 878359
 838749
-291322
 986525
-700272
  26334
 320859
-883233
-126627
 -20773
-712295
 650542
 786441
 386573
 502768
-477085
  62676
-461987
 903903
-782040
 224684
 545144
 561124
-905385
 433241
  62977
-679201
 378840
 474605
 974374
 257865
-315005
 127971
 910438
 878125
 234215
 -68744
-157320
 677855
 415690
-368185
-755806
-654806
-963017
 684220
 355087
-287715
 765081
-837122
 895343
-813802
 523087
 872874
 532301
-993538
 726139
   2855
 -71837
-413343
 741844
-878587
 674345
-581738
 687316
 797326
 -64505
-973349
 938812
 977168
-918841
-992349
 326130
-933468
-970135
-425331
  71578
 349555
-642044
-744374
  91458
-116602
 171325
 -10291
-818072
-128216
  -7863
 115240
 -58154
-408924
-244044
 735470
-638180
 511242
-151378
 443050
  31093
-714082
 913305
 154440
 168064
-877444
 599920
 889851
 500027
-335316
 506487
 133562
 -64374
-873525
 276860
 939675
 216478
 684819
 844479
 936858
-435217
 875542
-484768
 342605
-811141
-974306
-109987
 750101
-586402
-432686
 126710
 266373
-779538
 591813
-570944
 107568
-283361
-590946
 628896
 157339
  29549
-900439
 172278
 536453
 175119
 660059
-910080
 565450
 352185
 579384
 944246
 804159
-430211
-149307
 631044
 129568
 806918
-694939
-788464
 512052
 501520
 427253
 587707
 248943
-177603
 922600
-594802
 589203
 178401
-744773
 -65364
-725521
 599726
 801168
-498250
-876645
 -86784
-226610
-104400
 987984
 140180
-807267
 343372
 -50001
-516827
 505598
-186677
 421240
-690342
 316256
 316196
 140676
-406317
 428878
 233942
-181261
-731436
-709589
 103837
-501003
-381807
 234905
-299667
-535678
-750731
 -78872
  21643
  92077
 850120
 392067
 499609
 531922
 213549
 523447
 944021
 328576
 899294
 512912
 439694
-403639
 853604
-548950
 178813
 311686
 116485
  50411
-253336
-844558
-822613
 132442
-248902
-258259
-223946
 321553
 634331
 647754
 556254
 817386
  11258
 723544
-373960
-911197
-681679
 533051
 -78929
 494492
 408249
-955353
-694156
-842728
-413939
-873541
 124012
 716072
 -10787
-167427
-237797
-884423
-447149
-728136
-340616
 238216
 946097
 444582
-780144
 486088
 843378
 228673
 629927
-626131
 153312
-470215
 558219
-937851
  38780
 -18566
 941778
 509878
 280612
-172018
 375018
-223767
-484593
 981567
  56696
 765899
-698567
-684925
 119832
 746653
-198337
 358853
 -38558
 241493
-559859
-784466
 832939
 117727
 493910
 424241
 230788
 313349
 987643
 156462
-615472
-362572
 668973
 715750
 569774
 119035
 331182
 182252
-905930
-621158
 287824
-140963
 625050
-400215
 -49408
 966729
 336183
  18403
 783162
 790559
 847132
-442697
-782000
 -64117
 402009
 -89312
 421668
-254815
-370893
  51542
 439132
-348938
-487884
-824829
 741532
 503963
 968594
-398212
 191218
 194053
-721992
 374544
 589693
-903646
-372411
-255282
-870553
 799359
 148475
 460814
 570080
 916785
-764661
 773659
 458134
-340632
 976835
-893805
 472670
 950944
 657827
-321659
-345142
 846004
-960139
-138673
-933498
-779782
 434755
  98642
  13483
-466209
 143651
-545952
 986258
-376862
 612180
-414654
 131853
 925931
 346482
-870856
-623532
-102601
-500062
 -76871
-567416
-747604
 484166
 -46461
 283475
 863424
 419772
-259990
 744787
-821105
 381668
-290965
-101555
 863065
-455969
 263226
-501991
 638415
-646754
 745981
 412038
 -94522
 -62286
 343129
 190141
-423142
-397121
-426864
 155192
-742029
 874533
 432597
 689698
-461875
-417688
 -14068
-790416
-964980
-137290
 958479
-290266
 334523
-340793
-614441
 218443
-733917
-215940
-863160
 944288
   4386
-864834
-737453
 499372
 802976
-503784
 681325
-840187
 225015
 392566
-325779
  57922
 195665
 -83587
-834115
-652181
 347264
-595858
  -9272
 -20823
-160764
   3978
 -19448
-980105
 170776
   4018
 860008
-402496
 -70567
 900462
 129989
 391709
-423548
-902650
 564272
-194496
-460219
-764743
 688470
  79033
-572800
 189716
 348161
-676033
 336842
 833619
 677100
 506206
-731764
 579282
  40373
-173728
 822215
 815765
-422546
-421752
 650491
 157401
-605098
-432697
 827249
-454746
 812643
-744897
 990573
 -58821
 709639
 944519
-166809
  76707
 655963
-407463
-704322
 -82200
-488349
 389679
 295294
 316015
 242441
-138633
 285208
 482425
 803501
  67285
-885039
 495547
-677805
-289074
 380684
 174134
 984812
-322315
 717404
-521109
 271718
 933819
 154797
-976364
  70078
-530410
 850543
 147382
-701930
-248830
-501885
 679860
 499192
 -72574
-649174
-131642
 -44071
-123656
-568333
-929028
-576307
 -54911
 296734
 646501
-468331
-680912
-329858
-492519
-329390
 419138
-137539
 876349
-459053
-387991
 -75043
-804215
 238342
 142684
 256876
-197360
 594204
-765766
-570277
-150503
 764741
-379742
 -80629
-978890
 143782
 407127
  36580
-228988
 281390
-180306
 210570
-430793
-473444
-544353
 552156
-108622
-566237
 491974
   7459
-209021
-880947
-227832
 803334
-223257
-244958
-195636
 942118
 371654
-229577
-690447
 -32288
-200531
 -22273
  24010
 870666
-634629
-309141
 269000
 469760
  51852
-474963
 791211
-368369
-532850
 916169
 818875
-185583
 345790
 158880
-569155
-718714
-241947
 801557
 926185
 -43564
-261176
-454206
 166419
-481188
-266380
-193207
-527724
-509875
 484799
 373141
 -95781
 441501
-689941
 665457
-101194
 990586
 113107
-684093
 881930
 909571
  95326
 907510
 937359
-640318
-284438
 149505
 884357
-805999
-788670
-152698
 424204
 536323
 646207
 345686
-141367
 -28531
 339371
-353458
 599243
-981864
  99951
 244038
-887763
 -61265
 776533
-278926
-598230
 346999
-441305
 121937
  81953
 756029
-166667
 607211
 781845
-148245
 979002
 288964
 582745
 221372
-819274
  65602
 386874
-444036
-180653
-808420
  99080
 504361
 705639
 341497
 767151
 497813
-373972
-642585
  96916
  54544
-108974
 237376
 249624
-420211
 732972
 871225
-878159
-105449
-357453
 769481
-442638
 963787
 873085
-800843
 817233
-334794
 216451
 441289
 913480
-692733
 196545
-582593
 163634
  93447
 294953
-305939
-593127
-959195
 275760
 -47598
-608566
-981967
 528996
 369322
-860387
  96984
-483788
-716044
-335034
-148739
 452464
 862231
 379052
-744128
 330423
  82354
-566579
 471022
 177012
 281213
-480061
 924892
-881649
 656118
 635420
-533558
 735171
-681254
-132742
 651503
 251745
 -52817
-749010
 192858
-809852
-964783
 256708
-312425
-753645
-737106
 492979
-394616
 735517
-661870
 309589
-716509
-388158
 -65200
-147099
 173730
-349962
 693762
 401810
-637551
-571859
-709186
-720607
   7556
 545234
-622869
  72771
 524036
 -24004
 200838
-342882
-706320
 -69484
 742798
 552620
 128467
 -28806
 396471
 925361
-368008
 126246
 885731
 407215
 516883
-273252
-129059
-878935
-741424
-448532
 273819
 179002
-906282
-205177
-331813
  45827
-265740
-815591
-495926
 866049
 442540
  13485
 -19192
-987411
 452374
 875765
 552123
-244105
  79269
-299552
-300625
-618234
-671777
-553880
  54021
 -25750
 911331
-507532
 -48870
-986411
 588113
-232190
 739217
-800924
-824796
 562829
   9072
 601477
-320429
 998714
-832043
-904385
-365732
-269389
-399722
-283569
-613494
-348781
 394347
 555531
 441211
-985591
-272861
 590512
 589191
 699492
 818625
 777033
-245327
-796009
 540155
-757780
-526826
-116250
 414228
-923361
  93727
 913769
-101929
-594511
  54209
 -22619
 715729
 126418
 970545
 648708
-930379
 859331
 231467
  36695
-687957
-525146
-947144
 332899
 529440
 409182
  90328
  61310
 529861
-272428
 641396
 182300
 745613
-937111
 670182
 694174
 900883
 909912
 533096
 157648
  23774
-129580
 479665
 760565
 184152
-697614
 339283
  63617
 759580
-760214
-218054
-271087
 517063
 589436
-583913
 376358
-616521
  52868
-791375
 -21408
-222696
 828093
-767875
 526473
 301327
 410443
 883196
 802049
  11481
 680066
 174064
-738184
  32479
 848172
-945621
 845147
 940285
-820912
  60352
  21799
 551516
 -51583
-121929
 621455
 740851
 273918
-781864
 947199
 -51914
 781659
 -38393
-297849
 -72024
 735795
 860918
  27707
-200094
 361102
 978412
-559455
-106526
-975733
-762289
 568889
 991389
 598029
 906489
 139170
-538064
-778694
 962368
-733627
-861839
 298562
-263958
 469069
-516242
  96865
 782020
-156420
-389797
 903411
-365581
-635978
-744557
-537990
 316719
 867139
 -58995
-150695
-330096
 103983
 494133
-374344
-520911
-916884
-533212
-181545
-776597
-440982
 -60580
-746472
 604774
-533936
-925850
 612967
 582908
-299956
-770024
-327871
-903271
-646179
-422189
-181372
-530690
-198564
-296502
  27290
-131651
-817801
-590163
-377821
-104103
  86637
-265770
-413504
 -31182
 453535
 379615
 102000
  68676
 749331
 316406
 550378
 737814
  -1158
 348013
 298765
-420126
-552424
-815026
-833681
-354878
 698826
-969140
-379102
 568039
-940746
-767849
-951504
 904984
-346425
  33109
-912153
-264594
-798209
-366271
 901789
-881641
-323741
-199766
 871928
 759493
-887374
 188565
-438038
-175462
 530799
-115070
-553142
-710260
-182457
-765936
 -72044
-539980
  24217
-155006
  63658
-349179
 534124
 726793
 -51968
 484467
 176374
 809912
 -96757
 -46728
 794535
 804857
-278644
-135675
  90723
 569049
 177274
  76791
 219533
 957189
-774078
  42208
 393335
 377868
-355128
 523207
-855285
 595844
 234004
-300502
-721885
-461382
-560799
 847252
 921092
-308623
-922100
-125144
 340753
 757427
-285199
-869999
 252930
 645631
 689664
 179838
 530474
-392367
-269492
 978414
 545175
  48916
 992742
-196022
 152574
 -65935
 873738
 435295
-790303
 517034
 954999
 526103
 190784
-100734
 634067
 834620
-143977
 647425
 336969
-775916
 573365
-360686
 137859
-942918
-819663
 965234
 681193
 176090
 684022
 265305
 627532
-253203
 632810
 717380
 605227
 -13279
-707076
-945558
 789915
 292919
 594506
 783943
-671796
-176126
 867362
  84154
 741051
-432311
-359624
-389215
-368069
 -76966
  99209
-547117
 736854
 237038
 276007
 445316
 469152
  13212
 -93794
 558107
 721700
-265991
 563566
 373462
-759306
-187964
-624594
 216934
-994745
-611880
 797738
 -72865
-331893
-711194
 585746
-697527
-447423
-882423
 914742
-343343
 359197
-100134
-928625
 719603
 270976
 233701
-997842
-560755
-418979
 690729
-538798
 678493
-761718
 760836
-264671
 687605
-428157
-974755
-226379
-161844
-932186
-136890
-138123
 433712
 751001
-295004
-395980
 187339
-307635
 892750
 508968
 907608
-285732
-711910
-360041
 946129
-780533
-480229
 378728
 734080
 696167
-816664
-676828
-700520
 532353
  11271
 784667
 353399
 636494
  73865
 192920
  31710
-803548
-991757
-780551
 799547
 766851
-691082
-938323
-578678
 208249
 461707
 987312
 837970
 743661
 226436
-654401
-317207
 295230
-633498
-401562
 682853
-390806
-160979
-692070
 278561
 571713
-354362
  81570
-422207
-891944
-202373
  57180
-121599
-882417
 -43841
-527610
 184390
 588147
 131793
-951483
-988515
-795832
 160484
-590760
-483365
-566105
-301278
-913754
-966764
 498808
 781902
 312365
-214780
 506553
 944264
-691198
 314629
 951928
 188286
-122887
-207597
-219064
 369845
  89557
-159599
 212960
-123846
-277051
 688675
 229103
-181716
 232460
-141666
 899066
-322824
 498515
 320222
-660815
-210761
-389790
 249891
-546275
 884105
  93705
-296790
 194534
-404284
-628502
 791917
-766145
 622253
 244651
 777457
  36573
 384641
-188198
  59263
 395990
-341438
-810498
-504080
-848664
 -55210
 258493
 528375
 998338
  -7202
 693886
 911239
 389235
 935838
 725558
-838444
-365315
-698007
 848513
  54594
-475354
   1617
-683547
-300694
 871820
 851091
-639838
 494608
 -89534
-990579
-935117
 895122
-193737
-870150
-161258
-524761
 310193
-175490
 446752
 802783
-958425
 628755
-983260
 766186
-286475
-740386
-742969
-993964
 628892
  96145
 993282
 838871
 705740
 184861
-881630
 319254
 512289
 130040
-172722
-590443
-128591
-868624
-267363
 155754
-649118
 924020
 492499
 666912
 130369
 808361
-335479
-286710
-134100
  70912
 467350
 284821
-586798
-983460
 360728
-961843
 282274
 239999
  66180
-447555
 420024
 956989
-879738
 220744
-436735
 692190
 881983
-167676
-889380
 152356
 836379
-846767
-625626
 182242
-601427
 884700
 -56003
 488952
 340830
 232703
 359438
-617872
 -57812
 982553
 605171
-457169
-450098
  70397
-100133
 336163
-300395
-626184
 783190
-480771
 869831
-525397
-666476
-870906
-486315
 648161
 103177
 156364
 576160
 925628
 774294
 688469
 903304
 405139
-367437
 -10799
 558785
 352455
-909232
-134749
 533437
-340696
 642646
-583815
 -69446
  61420
-117011
 566059
  -7829
 510251
 911731
-516307
  -7877
-224060
 717696
-366221
 566336
 -58292
-725139
-186412
 510617
 489743
 680125
-683628
-478265
-653060
-629002
-463035
-806955
 896002
 842659
 539746
 884076
-559797
-746223
 607168
 588299
-161167
 152975
 324323
 778478
-516906
 686693
 668157
-806044
-909769
-544824
-459664
-278097
 728482
 436364
 700508
-529281
 123204
-750990
 888864
-828115
-340963
-457935
 145138
 424162
 -78463
 766268
 816315
 949880
-122149
-638891
 448386
-433865
 962169
-155978
 735389
-918852
 711558
-945134
 980366
-149741
 916151
-737590
 817292
-585408
-792972
-980422
 313814
-283913
-751133
 254824
-831449
-364257
 417234
-892014
 332464
 958755
 581273
 292983
-893073
  96038
-732373
 -94731
 320657
-525813
-348119
 861533
-304329
 473065
-588507
 344662
-347206
-887716
 852215
 635573
-160784
-306457
 275586
-297646
-514672
-215008
 871417
-356000
-954956
 894768
 663404
-953586
-933256
-554298
 459955
 204486
 862885
 564768
-223475
 760221
 380964
-704043
-892353
-861749
-102505
 909439
-760675
 160121
 141357
-861819
-120684
-564325
 563803
 617323
 -90428
-320283
-659724
 995340
-948674
-146456
 169112
 963483
  38538
 521015
-709209
 956199
-926142
 508198
-267621
-560819
-330221
 564450
  38585
-829870
 465087
 581708
-191753
-205641
 539269
 763468
 371584
  97647
-948930
-909096
-862242
 207431
 614526
 149724
 534907
 567915
-961517
 156193
 -35558
    753
 384867
 560635
-917702
 414964
-443780
-739393
 470158
 965352
-110770
 651127
 447719
-710527
 -24590
-611447
 756314
-883521
-950135
-160805
 322162
 942155
 903850
  93375
-271944
 557397
 -15747
 138663
 531407
-463679
  22204
 609572
 475441
 198000
 379208
-192529
-551336
 687359
-747685
-337048
-243248
 408925
 635214
-687458
-544309
 918079
 371164
-353819
 783189
 299777
-811641
-727824
 503756
-219269
 401152
-730549
 274210
-815550
 999880
-910666
 144037
 270246
 418051
-373930
  44431
 792610
 608530
-757299
-957350
 281510
-522836
 -28845
-310764
-431038
 776538
-752914
 873356
-456176
-270620
 674162
-913203
-519923
-520737
 749976
 669428
-297137
 278870
 -39696
-234089
-291523
 -63908
 699602
 177927
 852381
-147428
-796031
-363297
 703427
-331237
-891585
-454720
 742282
 989725
-193382
-791979
-717384
 -90600
 140368
 490638
-905013
 324501
 258672
 632218
-230319
 931699
  -6265
 142782
 884340
 141859
 472391
-598184
-262039
-508418
  86784
 764061
 218027
 771326
 164355
-592380
 908897
  89093
  32215
-283579
 -22037
 643734
-999419
-929685
-185448
 827927
 853222
-475970
  68403
 121350
-469269
-721091
-828955
-374455
 643206
 527179
 966951
 773922
 620217
-777498
 860865
 280377
-435950
-401244
-352397
-223788
 807937
-337031
-230294
 487898
 802308
  -7437
 -32685
 191544
-519600
-615429
-627665
-257971
 273880
 654159
 823607
-546522
  22280
-416074
 229411
 122349
 721847
-352482
 229828
 588874
-352831
-218816
-343296
 211079
-186258
 714346
-901995
-511694
 581513
-133819
-196610
 118635
-807916
-285940
 847682
-748897
-356391
-840019
  68746
 625584
-327648
-858118
-872489
 903925
-780316
 730071
 993904
 508843
-199043
 -76823
-486667
 455713
-986371
-737859
-782913
-822955
 713592
-775289
 646844
-514119
 523155
-496718
 178864
-415384
-669784
 764265
 336129
 657371
 426195
-480639
-267307
-470289
-341442
-652305
-242069
 725621
-560920
 369270
-743123
 214534
 918723
 432254
 555108
 722078
 215959
-385356
 -42410
-805969
-721287
-434826
-297190
 561089
 423125
-255904
-848720
 583053
 779747
 325878
 738109
-637797
-863502
 489564
-281566
 418938
-565587
 655640
 -69113
-194028
 895979
-815631
-195301
-510938
 219765
-784804
 -53191
-267210
 625206
-728386
 245306
-579941
 588424
-127917
 420160
 596893
-582828
 294416
-309967
 938678
 425479
-201783
 266550
 854374
-440267
-761185
-826915
-339281
 -36582
 205746
 826376
 -81462
 672652
-396340
-300611
 761245
 180029
-437046
-148640
-521236
-788293
 251090
  52545
 -78847
-809599
 384862
-953599
-644471
-891687
 804198
-785381
 809214
 222383
 387697
-782829
-746915
 160126
 371666
-615375
 212472
-501760
 425584
-190126
-529995
-756489
 850979
 199677
 589764
-798663
 221369
-401105
 470414
-261153
-611228
 836388
 624015
 685671
-481092
 378119
-980851
-220153
-505298
-580535
-867681
-936643
 402264
 738841
 647277
 723479
-669362
  29663
 834410
 171892
-638917
 798051
-726985
  68121
 347717
-362601
-945970
-987758
-145771
-467965
 737870
-266669
 771336
 899420
-299134
 242889
-788586
 352888
-992513
 886377
 391436
-410603
 351248
-344821
 337992
 522099
 467779
 -20135
 104310
 744254
-156021
 233569
-246227
-958580
-661213
 -84953
-336773
 333114
-690049
 201220
 796700
 540372
-127742
 855706
-689926
-287141
 221784
 578558
-355931
-247579
 902741
 164318
-498494
-546010
 635815
 428929
-687576
 -38282
-696936
 417792
-639435
 157796
-457511
 322503
 650437
  20733
-458319
-166733
-773469
-246434
-903625
 381004
 937407
 665832
-951247
 969069
 -21143
 660341
-332954
 371304
-787959
-613556
 600153
-553995
  91353
 550166
 578552
-773015
 580257
-790387
 710260
 651999
 963891
-676399
 662182
-639490
  -8920
-408267
 568144
 536787
 912048
-913775
-170034
-204224
 -40843
 313423
 163435
-465048
-216022
 371769
-411082
 522978
 335389
-506677
 164804
 378341
 989446
 906874
 847342
 179173
 853528
   -849
-138205
-755751
 729425
 929282
-801256
 195744
 113963
-483334
-691895
  75113
 985995
-848429
 704361
 102088
 613475
 816764
 426441
 737776
 246949
 965560
 259778
-137753
 556327
 720196
 170251
 622149
-402378
-226764
-178837
-290866
-233187
-952634
 594395
 -48159
-639139
-973452
 111678
 401397
 430240
-447186
-121822
 538440
-727634
-665271
-422448
-621835
-378472
 819295
-792390
 532790
 713496
 575965
 249729
 769631
-763713
 739542
-765235
 -32874
 576836
 230056
 571518
 561645
-202723
 500744
 980697
-856826
 384575
 162040
-224939
 938791
-274419
-696734
 814575
 317680
 517455
-231138
 824167
-750360
-774954
 -64899
 996844
-962232
 137043
-624403
-100627
 698529
  -2598
 450480
-922635
 821912
-296500
 583582
-283411
-460206
-198456
-533931
 762556
 754501
 653052
-835440
-664255
-928981
 284598
-652831
 386122
-761875
 571880
-527860
-847491
-147356
 744132
-753484
 953075
 628617
 664177
 458109
 807988
-369950
 672500
 298353
 907876
 701893
 349217
 267814
-150546
-325547
-441798
  87381
-336311
-425584
 907826
-675795
 811961
 427927
 327481
 885262
 876870
-707416
 600620
-139281
-719324
 528831
-352418
  -7293
 562372
 632499
 -51251
 239877
-425079
-114826
-276607
 999766
 -24175
 526542
  84061
  51242
-493057
-134360
-292557
-460668
 171585
 868535
 521297
-771960
 459321
  27778
 464194
-576954
 -98484
 237140
-615287
 873962
 772613
 754071
 -45617
 682578
-197760
 556714
 882646
 926156
  22078
 839543
-620833
 972049
 345748
 929622
-186874
 539802
 171227
 893884
-414237
 339877
-107270
 870103
-543331
 530736
-956679
-114482
 537549
 476976
 968438
 780227
 976188
 830530
 978380
-731530
 812778
-652923
 444463
 368023
 741510
 188969
-977687
 379955
-247752
 100151
  31534
 685607
 564400
 248166
 834317
 441415
-347644
 -71043
-783216
 942844
-861857
 736276
-422434
-498347
 187762
-173866
-714685
-219777
 278087
-381606
-184285
-761451
  41038
 964051
-567296
 -42705
-307271
 228867
 881008
 291210
 146636
 623074
-401761
-718247
 837928
-303204
 473393
 154027
 475995
 268396
-768685
 919293
 199027
-868397
-528570
-180137
-700336
-711246
 555313
 203336
 985409
-885114
 841088
-476739
 384344
-361523
 927940
-281485
 579087
 387879
 302993
-170010
 907709
-345503
 968276
-674765
 178194
-990102
 426052
 471106
-974877
 957718
 620003
-411480
 494850
-494961
 214818
 198813
-782296
 874968
 983445
-573681
-490113
-434405
 908413
  54173
 194511
-305389
 576058
  52495
 763069
 308930
-186517
 169820
 346073
 -92394
-665796
-118918
 563405
-684025
-980795
-566666
 594056
-305681
 645350
 -60383
 361060
-272697
 445330
-952696
 -85448
 768925
 592989
-540020
-584285
 174258
 958941
-211563
 112835
-831645
 783493
-277572
 -95402
-998797
 671913
-152124
 776150
-129396
 580964
 635340
 362759
  91287
-596396
 680760
-271215
 959821
 990566
 132920
 -93839
 746846
-249913
 -92827
-681474
-200725
-868546
   4680
 589897
 906534
 799125
 161665
-967708
  87877
-929467
-789478
 342177
-655425
-773623
-607273
-439157
 883708
 878050
 218204
 -21791
 280891
 983041
-501555
 196324
-879996
-861257
 833086
-986169
-374804
 577873
-356218
 799315
-384018
 552226
  77345
-850715
-117551
 161763
 -56179
 145195
-121525
-910311
 694497
-262674
-451296
-927793
  29421
  84216
 617095
-303439
-372807
 787648
  12882
-608699
 -10532
 806883
-387482
 -49087
-899662
 480149
 993276
 975564
 881868
 911264
 -55092
-353001
 603040
-536040
 158290
-534607
 -30162
-515959
 153647
-412992
-191888
 892043
 899874
-973581
 760158
-878162
 701742
 625246
-151289
 119283
-630064
  84474
 902221
 832502
   4736
 239872
-452594
 203371
-881184
 548875
 999857
 560155
-781583
-317768
 558629
-432131
-517451
 284246
 797378
 271739
-774993
-243327
-495818
-178207
 166042
 705789
-519570
-692673
 641469
-543471
-152540
-674627
-504306
-292408
 252184
 128932
-591648
 600653
-801835
 409377
 441652
-232877
 327716
 194675
 -12890
 770359
 801659
 893562
-211416
-959429
-950022
-683803
 537202
-306136
 386620
 150511
-327441
-276125
 539966
-654117
-456211
-400251
 699770
-538251
 404683
-272290
-764763
-200280
 393703
 677527
-379126
-976054
-583681
-975652
-957550
 797401
-930685
-266136
 458347
-492880
-287100
-567926
-479951
 519121
 254276
-306039
-165388
-748405
 809181
-295227
-585751
-843301
-234051
 997519
 182246
-972202
 447930
-448626
 847473
 935831
 471070
-953696
 -28614
 380821
 181791
 876153
-339926
-612743
 658392
 400856
 986458
 -17216
 801415
-119980
 176466
 -22576
 859663
   7416
 808575
 665066
-109314
 753540
 -39692
 245876
-555722
 108451
 185393
 637594
 686555
  -3001
-158303
-234913
 915327
-183151
-271238
 609435
 -10752
-942548
-422883
-721546
-632639
-802168
-674126
-589601
 -12381
  24647
 918711
-121986
 779408
 568894
-297927
 146990
-973473
 356961
 655309
-612539
  77289
-431969
 110004
-580496
-606935
-650081
-165708
 914897
-348754
-422164
 565659
-609408
 478192
 901036
 606371
-436148
-253997
-734643
 105152
-148435
-669423
 558409
-949128
-795598
-673086
 801829
 819897
 427098
 253884
 665113
 846122
 554900
-944939
-261076
 873026
 502244
 763333
 150131
 -68047
 -31702
-151483
 512388
 988328
-649050
 679302
-834563
-879023
 753699
-589765
-715476
 417591
 303011
 436359
-884482
 428147
-922657
 879476
 233501
 -94924
  78832
-869812
 226918
-969012
 189276
 -59717
-103632
 638580
-984250
 876786
-135114
-830939
-285046
 523945
 360968
-151039
-347270
-101497
-583371
 979689
 -38752
-545311
-493485
 -55068
-262720
 570093
 515221
-659631
-840270
 -71684
-929693
 183638
 111595
 472937
 446501
-190048
 499753
 990244
-744522
 575768
 779287
  30784
-763798
-737326
 435644
 666540
 587032
 655069
 450869
 -28298
-221425
 321131
-145223
 881840
 341446
 342856
-596939
 319331
-627001
 235764
-164471
 367814
  83623
-904399
 -41875
 722508
 111985
-340943
 210305
 124580
 -84046
   9676
-577949
  45102
  88238
-399786
-103787
 389873
 796921
 976513
 419986
 320174
 487485
-854093
-265133
-594176
-561879
-723149
-490220
-525959
-606302
-265714
 876701
-244905
 -68454
-735704
 802604
  88538
 218893
 741951
-111496
 832837
 -11421
  97222
 970795
-939622
-586573
 105138
 118220
 -11052
-273406
  35028
-870900
-789069
-722377
-675547
 107401
 437095
 122922
 722772
-241958
 713356
-135072
 510463
-986867
-152217
  56546
 512672
 -99195
 122583
-651964
-643264
 455543
 683083
-649685
 447916
 764240
-470210
 227833
-832837
-630182
 363805
 739747
-399121
-552096
 115515
 728959
-780838
 555132
 983666
  95640
 365920
 575862
 980374
-172939
 892714
 694736
-675506
-927642
 421865
-294384
 896447
 878996
-261175
-950150
 137118
 466376
 919395
 952757
 774299
-883219
-877357
-399809
 414312
-716064
  -2635
-748050
-295497
-331379
 283614
 255201
-487435
 184182
 -16099
-732651
 368620
 550947
-631924
-343425
-933906
-504141
-486251
 865679
-171961
 447677
-652384
 -45047
  22189
-557726
 463385
  20592
-199641
 -82973
-751816
 709671
 -41688
-806482
  85513
 942000
-432824
-836593
-344475
 226188
-643526
 834643
-219971
-412101
 103597
 769427
 664325
 -57737
-341841
 402316
 157053
-278645
-247023
-778130
-571636
 227358
 958787
 456987
-744605
-717347
  15478
-306285
 868433
-400785
-301492
 244458
-835075
 324269
 163776
 892255
-723224
-898818
   5979
-177303
 -30935
-902365
-295585
-762198
-291444
 423958
   3226
-175093
 161907
-909021
-266833
-160970
-622960
 801832
 455693
-545988
-141767
 741050
-506044
 984857
 668443
 -59656
-868731
 353202
-104064
 898811
 750647
-911511
 397653
-613796
-120603
 155819
-787589
-465605
-366762
 929145
-657205
-457490
-145129
 376039
-282647
 670386
 846100
 -64177
 361082
 -23332
 774387
 268462
-943628
 175006
-678437
-730670
 363046
 342047
 376926
-838214
 863072
-514018
 263538
-930323
 545279
-764842
-900143
 451459
 583639
 496851
-952815
-171860
-332056
  38113
  96874
-474081
-709563
-847390
 247519
-499515
 177778
 150559
  91712
 434824
-122325
-257372
 950486
-309760
-347648
 860871
-556343
 860351
    821
 -59359
 -14788
-814863
 747256
 511878
 124461
-875823
-647027
-384647
 155097
-491656
 785325
-624269
 244855
 758194
 471173
-738931
 490528
-847527
 249158
-969547
-802506
 695931
-923572
-448775
 429187
 239837
  64316
 -13602
 117637
   7242
-657846
-319638
-863269
 681227
 753134
-244570
 616052
-588647
 571221
 194985
  -3502
-152912
-690820
 -80255
 257169
 445573
-497964
-381612
-510716
-978644
 312201
 344756
 283911
  71405
 765461
-978898
-368645
 723091
 461373
-211301
-445627
-583449
 -91582
-925847
  65470
 904951
-604676
 709045
-835309
-988531
-115302
-962013
 260559
 872113
-899993
 346033
 552176
 805958
-908549
-557579
    429
 933135
-759077
 377930
 124801
-910690
 190336
 840098
 724361
 347614
 774549
 -93771
 812684
-720426
-367264
  -3632
  61116
 177442
-389268
 812566
 585336
 369882
-237139
 656865
  70506
 -37384
 641052
-788757
 161067
 880013
-989930
-563217
 331646
-215535
 522320
-711887
 204818
 387862
-837575
 454777
-802061
 660395
 343276
 716532
 521533
-505856
 537783
-669098
  73986
-706754
  34004
-285561
 814367
-133139
 317820
 719908
 184894
-597494
 -86999
 618692
  45716
 791622
-188330
-199325
-787133
-368778
 486488
-592898
 170147
 627728
 437072
 -96407
 990648
-260686
 768693
   2323
-289937
-228024
-381492
-812837
-780054
 867814
 630187
-697291
 310064
-690481
 168263
 291931
-555464
-120255
-837633
 547796
-615215
 268533
-983693
 530739
-158149
 754927
 778806
 827139
 712624
 826023
 101813
-124784
-825454
-375450
-617666
-948950
 412643
  21552
-543244
 255586
 804721
-540495
 243110
  76912
-809480
 369507
-597830
-592184
-114716
 967756
-138526
 944113
-746137
-613894
 906513
 858917
 571901
 351426
-795041
-332102
-348231
 319520
-278051
-412713
-946711
 332003
-203187
-358751
-556585
 704187
 766816
 366184
-244254
-265453
-246058
 904004
 417448
-184023
-773210
 175368
 203990
 457268
 766827
-341063
 -85321
 -36672
 207990
-864174
-874045
-511009
-656689
 469112
-100729
 615884
 315443
-983332
-857636
-684698
-671261
-161872
 916555
 476355
 161715
-140151
-264575
-455917
 819520
 290144
 852342
-265703
 162614
 413455
-540719
-212764
 -69436
-409062
-765781
-675561
-421723
 167108
 102971
-315094
 525947
-976406
-753512
 980888
 816214
-378455
 442424
 572773
 -11843
 -30353
 660394
 136173
 796199
-915122
 923500
-722946
 343308
-420023
  21408
-504840
-190260
-560736
 526833
-955042
 803048
 518274
-438626
 114198
 -72858
 755645
 617126
 330996
-887743
 -32538
-468312
 583494
-187737
-758680
-281567
-293426
 430133
 206916
-316012
 -78162
 520206
-217571
   2966
 177811
-140000
-515946
-713130
 274996
  23540
 862258
 848805
-330600
-797568
-553709
  36483
 930316
-218470
-945795
-173639
 786109
-330326
 691076
 537843
-868649
-425968
-292138
  54889
-958526
 345575
-835408
-395198
 328813
-912229
-711565
 284643
 850665
 767355
-295767
-401819
  39144
 823483
 356486
-949363
 735471
 292673
-741845
-481546
-756054
 535914
 753600
 514830
-787243
 674861
 312278
 675797
 842171
 610945
 116971
-713681
 780334
 448193
 925201
-142219
-613164
-652214
  40665
-348071
-863157
-484137
 615834
 460077
 979482
 125385
 366831
 837411
  18517
  46024
  -9701
-565290
 408335
 793657
-827497
-575517
  47274
 536629
-318135
-914404
 321760
-460922
-612661
 545972
 -74239
 394909
 857564
-829034
-495345
-939334
-191446
-461949
-450250
 214611
 -81279
-427773
 275656
 -20154
 663534
-891910
 633460
 844361
-695437
 992888
-396600
 550030
-484446
-772350
 998495
 703929
 832804
-878127
 323909
  26549
 784989
 416642
 630367
-933994
 852195
 891044
-610729
-281338
-815225
-100416
 248041
 794611
-804288
 623833
 450333
-510866
 -17077
-979035
  47583
 -47335
-134207
-933587
-818195
 581849
  62154
 451914
-998083
 530795
 651418
 188905
 581790
 766430
 710903
 529608
 330496
-797311
 395656
 826448
 725849
 446441
 206965
-955798
-361590
-232741
 451012
 766471
 756303
 480399
-551892
 -66873
 617727
  93948
-461871
-160012
-362800
-215111
 960622
 649522
 301013
 283498
 396235
  53139
 287163
-734431
 906846
 123294
-128722
 524755
-690515
 -90231
 996441
-732293
 227317
-455165
 985015
 429865
-929161
 583083
 511523
-274602
-341395
 955559
-910124
-913166
-972806
 363766
 357800
  46186
-684112
-351238
 783961
-201944
 505829
 992334
 677439
 -82885
-611829
 648303
 448513
-877325
 199268
-596326
 676676
-923196
-754217
-168001
 587591
 259728
-558550
-753118
 -95679
-980180
-113214
-830634
-933247
 762385
  81477
 299239
-784717
-288529
-643539
-722519
 573463
 -39828
-775093
 752924
 339659
 539819
 505261
 848697
-522267
 619288
 605378
-832004
 485323
 625424
-861120
-507729
 928291
 387539
 642961
 494888
 -89864
-410070
 834737
-253880
-861922
  -5107
 603204
-691521
 506683
 -27113
-147599
 297815
-115991
 850818
-584656
 805419
-345829
 690178
-831230
-790773
 463572
 992958
-319619
-977839
-242056
 912444
-952239
 463713
 -35591
-145269
-369847
-871502
 752101
-693626
 -73198
 -10777
 379639
-541695
  30618
 710924
   4938
-992113
 250004
-885138
-480600
 895725
-147816
-419434
 475137
 451086
  54756
 873207
 -67893
 -65002
-836089
-296687
 590881
-932641
 100611
  58247
-965754
-153334
 762582
-817931
 369370
  59491
 370296
 962565
 -61213
 987014
 -93075
-977132
-488807
 550277
-100925
-530639
 724989
-956887
-978386
 563121
-555970
-961321
-283713
-448673
 478337
 579982
 415440
-952495
 655245
 907328
 131875
-137198
 673022
 980747
-416124
-833092
 321749
 748172
 985697
 483196
-295096
-562148
 977542
 150638
 855493
 481711
 404707
 566215
-614764
 917142
 230561
-947444
-916347
 785271
-987331
-502382
 901714
  73486
-308235
-319812
  -9550
-959413
 105892
 421403
  67501
  54217
 287789
 408194
 -69380
 994011
-480160
-267148
 239590
 895639
-542982
 122509
 169779
-696255
 865997
-142845
 738275
  76366
 818701
-980201
-841038
 798000
 569872
-838866
 179334
-125035
-817638
 -62339
-379431
-861286
-516576
  55595
 247058
 887025
-466681
 571643
-481441
 620701
-146465
-320482
 499131
-694072
 705839
-297585
 -87612
 814443
 751924
-969227
 812316
-215806
-821143
 314519
-405289
-367084
-119835
-514250
-808631
 505238
-762041
-960747
 347804
-343631
-696126
-779457
-195753
 183417
 360568
-333085
 567347
-271016
 886689
 474067
-514043
-861449
-963570
 798288
 513063
 649589
 712479
 901467
-283235
 304829
 173974
 289424
-952896
-331091
-362764
-327753
 473567
 506855
 523437
  -8269
 264959
-740592
-695267
-369209
-627794
 654407
-620231
-893904
 826189
-351523
 697963
-869599
 325479
-855112
-369929
 993564
 -52748
 361138
   5417
  52829
-174860
-520527
-797522
 189572
-835605
 -15552
-838181
 717914
 638798
 558713
 162398
 633365
-963972
 904724
 404959
-300432
 214555
 970140
-832422
 955961
 291792
-737045
 919897
 562209
 639412
 880211
  21634
 679206
 135539
 645526
-174365
-958517
-316353
-560558
-500311
-851343
 224063
 -12741
-423934
-153795
-571544
-228990
  62731
-617862
-688325
 125927
-168430
 224638
 278034
 388966
-648919
-620612
 332253
 662111
  51437
 468458
 114834
 677880
-921256
 957174
-115185
 426385
 980766
    967
-822851
 -14941
 669370
 661252
 320629
-574003
 864748
 208097
 345318
-325528
 284421
 541433
  74144
 590970
 224788
 889140
 -40041
 757202
 876443
-471591
-549616
-537520
 144175
-874885
-552513
 194308
-905961
-470933
-581886
-659293
-954827
 818432
  57492
-637420
-790272
-266485
-635752
-312213
 492673
 676742
 542913
-877508
-768780
  26760
  30662
-789603
-187697
-114794
 583483
-808079
-139660
 939792
-822386
-823972
-780186
 105045
 702430
 433720
 826862
 464011
-837036
   2217
 701357
 998386
-230032
-722588
 346966
-106498
 893466
 233236
-267997
 202759
-973253
 775512
 129023
-482339
-465685
 524130
-217821
-471664
 379651
-107544
-526770
 719203
 378886
 400526
 268977
 713255
  57727
 905321
-966305
 973258
-507455
   6025
 -27605
 934843
-676111
-220024
 611532
-358745
 804913
-301712
 964305
 888030
-199335
-879098
-507226
 933930
-967635
 599094
 336860
-666759
-143702
 574845
 104572
-535727
-247473
 461665
-875310
 338112
 335637
 -25052
-428266
-532008
-201933
 939414
-324925
-534808
-103237
 986866
  -8056
 924147
-904651
-788057
-376518
-501700
 996180
-144376
-288172
-472939
 -32077
 459059
 311945
 979429
 332581
-676232
-653296
 889705
-571527
 -97095
 -15798
 262939
-911141
 696663
-404224
 504364
 615072
-946608
-897680
  12269
 584390
-886553
 675822
-881572
 369892
 901016
 -64348
 915208
-652487
 -66083
-526650
-521092
 963469
-705373
 457404
 240030
-761503
-541140
 819830
 765024
 984584
 979727
 -45762
  84490
-803181
 220450
 607722
-293946
-837944
 763809
 501708
-132145
 180446
 163688
 239528
-842476
-276700
-167530
-477031
 220139
 -76456
 198291
-633731
 -99761
 438671
 973403
-657877
 307028
 171127
-136555
-769807
 369499
 733323
 798240
 518727
-865163
-562018
-719097
-301713
-762656
-785679
-231819
 932376
-592570
 135068
 820039
-412260
-448370
-919052
 551754
-583898
 321608
-943092
 737037
-375518
  79907
-371163
-883624
-630309
 571601
 -17461
-788764
-520283
-343475
 220767
-587651
-250541
-893025
 288036
 862084
-806948
 212254
 984078
-208671
-968649
 217484
 425551
-487558
 -51114
 389670
  90642
-644002
 333488
 710537
  48436
 323277
-350214
 415438
 451876
-575864
-785395
-323718
 142903
-392316
 980822
-997439
-472699
-895264
 135289
-874844
-832758
-317465
-284313
 580438
 902550
-760735
-764780
-991876
-936083
-157469
-792341
-472905
-368478
-125633
-525849
 429828
-946058
 132596
-893975
-179310
 162877
-494324
-459887
-232680
 614250
 256518
-431501
 853778
 238779
-726504
 324936
-295165
 278278
-456556
-702315
-664482
 413643
 275411
-684932
 170422
-111711
 342994
 186345
-459792
-275844
-471284
-913201
 179276
 485969
 466334
 958913
 840723
-286596
-272262
 910225
 256551
-580412
 149428
 179500
 690377
  64939
 392168
 504552
 542045
 382653
-503157
-199607
 513220
-913554
 741361
 -38914
 401255
  93502
 -15012
 495994
-431001
-264121
 317440
 858967
-166918
 452276
  47297
-334124
  90503
 873669
-569708
 554690
 271667
 753331
-138658
 704580
-723694
 373302
-500517
 394757
 -85781
-670878
-297680
  46859
 422253
 719893
-842672
 127590
 803272
-797570
-725140
 644252
-468929
-658981
  49883
 622036
-298772
-939474
-483228
 391159
 882024
-273916
-685000
-721426
 434281
 683464
 968211
 375022
 542986
-740898
 292726
 -26947
 184106
 829664
 -56356
-308013
 175027
-214695
-773029
 122281
-693487
-744624
-595056
-142473
 -31810
 827086
 794319
 729742
 568565
-921163
 221159
 728256
 154845
-895051
  12398
 707349
 283438
 570352
  28630
-853041
 882638
 847854
 299808
 952290
 711272
 649622
-912615
 854696
 736382
   7972
-708931
-768928
-797474
  34005
 100310
-887292
-501913
-898934
 340599
-663059
 376418
-567538
 484426
 661938
-822059
 854137
-365654
-306155
-189330
-375629
 603242
 -52409
 289281
-306676
 843433
-404631
-971488
 167312
-635367
 744970
-986024
-900954
 980933
-854096
 144953
 906745
-498800
 611677
-113195
-658031
-909198
-511661
-270451
 604390
 425293
-831479
-149243
 337957
-480224
 270585
-684702
-825326
 709651
-621691
 383061
-354683
 418663
-403644
 481079
 985279
-875380
 -91993
-601274
 340358
  36598
-250070
 555029
 926476
 -43780
 864214
-405301
 557179
  48277
 224913
 -18701
 582876
-702242
 741356
-490943
-447333
 895864
-825648
 641994
 375091
 212859
 765100
 432705
 625054
 611316
 854665
 -49258
-683012
-319396
-896007
-687882
-570301
-594159
 546276
 524120
 317453
-377405
 684186
 -22207
-565253
-680713
-262808
-155538
-999708
-943989
 652602
 917740
-199627
-128209
-745953
 655465
 231216
-804064
 162294
   5706
 166778
 501504
 180129
-700513
-657824
 869834
 943569
 122596
 272410
-307212
-809534
-306485
-978249
 939696
 185156
-609962
 737195
-364076
 632467
 127231
-884077
 -45463
 -73851
-821642
-326077
-360584
-425304
-869912
-889098
 -22733
 147023
-417600
-564488
 702514
-903254
-380748
 118194
 255778
-761780
 387257
  12856
  66007
 722405
-161472
-261534
-467988
-270253
-810774
-684675
-154658
-247966
-984838
  26646
-531118
 461857
 314746
 629532
-862115
 701403
-623488
-803066
-929368
-609598
 445516
-418201
 483263
   9641
-185419
 354275
  21300
 328932
-386727
 367975
-286379
-697488
  41382
-278520
-928628
-107957
 503727
-222712
 696040
 303304
 478777
-295181
-703492
-837220
 406323
 658830
-881802
-932617
-346719
-907607
-275566
-477410
 286215
-673091
-462831
 427707
-636012
-910348
 725628
 428723
-639942
-733013
 929890
-142935
-674985
  42690
-230552
-361441
 916107
 202986
 182874
 -33707
 964216
 315390
 222351
-382031
-273445
-215626
-537808
-482455
 -87535
  70159
-583090
-410923
-645443
 944154
 882257
-461251
-658236
-564928
 150112
-298202
-733051
 720860
-771683
  22497
 500470
 719436
 185505
-625117
  87043
  90264
 874435
 153283
-724528
 497186
-764194
 896670
-803726
 833376
-531460
 981995
-512502
-727694
-620250
 407468
-387301
-985754
-491831
 711388
 -50169
 714161
-577611
  78329
  47203
  27750
-181781
-453684
 278907
 122746
  25045
 284497
  79538
-394127
 448511
 931570
  60993
  37360
-618009
-650537
 284657
 842843
-145083
  92950
 534030
-605802
 738410
-957037
 -12016
  44244
 673895
-743361
-618223
 -78895
 924047
-707209
-106688
 991357
 443747
 969446
-230149
  99996
-978385
-445971
-669315
 233082
 728899
-182507
-258148
 370371
 564256
-850595
-403303
 143875
 148305
 687210
 556401
-229163
-248668
 553300
  56723
-819957
 182007
 394123
-395149
  46094
 944689
-265760
 971086
-523259
  61843
-122330
 316943
-646060
 496944
  70989
-485129
 998649
 867363
 164179
-937529
-250315
 980820
 924230
 430599
 -475715
-246476
 228342
-369192
 516958
 765011
 477388
-584795
-500630
-805494
 113023
 110412
 -62071
 789970
 507972
-584504
-418671
-281806
-942462
 752012
 783649
-845963
-295778
 -46299
-951734
 626151
 -29140
 867211
-115475
-218121
 656837
-907953
-755949
-602099
-950542
 744136
-902075
-936118
  -8364
-972920
 693970
 941700
-867996
-947028
 405287
 922146
-405010
 437377
-398899
 949291
 455002
-361693
-807534
 788030
-841616
 970027
 763122
 417672
-794226
 332707
-881194
-593443
-964584
-373537
 797815
 904672
-737812
-476063
-957617
 756022
 151988
 874653
-751069
 820582
 763581
 463342
-647995
 564673
-639794
 188793
 568095
 126974
-732130
 226596
-835948
-163783
 780253
 499002
 456192
-351911
-747565
 234382
-504311
 -86320
-111866
 738733
 -32890
 803838
-811887
-375052
-911245
 195694
-116730
 480940
 228204
-888096
 480286
 525143
 914454
 471604
-392139
 380499
-679815
 327558
 -75537
-918982
-115347
 856698
-241905
 520374
-797881
 160308
-857384
 512509
 679565
 221961
-196158
 383755
-283549
 944358
-826610
-508501
 514035
 136700
-568950
-519028
 189539
 304874
 172763
 930591
-866954
  34850
-323761
 327606
 898608
 250546
  43706
-935135
 -51356
-579837
 162049
-299069
-884451
 561169
-119610
 325781
-541686
-990834
 970390
  16270
 245231
 970689
 846626
-443099
 204072
 447407
-839936
 570109
-919291
-821321
 630471
-970935
 633644
 482736
 291829
  -5628
 -80895
-652074
 939659
 579861
 211759
 296315
 967282
-490056
  22017
 683321
 651206
-211441
 997886
-498333
 511901
-656632
-809139
-588189
-842009
-555002
-844138
-974538
-415575
 810160
 855058
-177036
 544660
 173489
 653630
 266618
 647904
 689021
  64064
 933954
-462665
  53711
 399835
 999929
 244555
-322983
 618471
 385170
 761578
 697035
-329641
 807357
-364439
 206740
-855936
-696350
 323734
 266834
 681673
-294037
  29860
 109423
   4307
-515963
 230689
 -39777
 -84289
 325435
-214594
-121046
-565407
-484779
 292247
-109456
-805133
 746331
  37979
 692960
 228663
 385563
 103183
 645640
 616001
 -40390
 546389
 486582
-294362
 678214
 887299
 106777
 216673
 566424
 141691
-757758
-772182
-675350
-647404
  55105
 823523
 223204
 632116
-324705
-380976
 655298
-294807
-496174
-167007
 648397
 643161
-435048
-471442
  92835
-567146
 677874
-648478
-407323
-636190
 -69940
-843679
-371311
-583951
 102671
 459122
-105332
 437561
-663156
-487332
-542914
-515802
  74986
-900967
-899263
-130497
 176232
 689519
-227660
 264517
-757498
-144327
-948510
 119753
 648874
-202460
-247047
 979529
-352952
 189467
 166064
 360317
-185672
-764339
-304258
 431926
 548775
 903320
 848692
-816763
-655123
 675320
 345479
 974250
 -54177
 387820
-269179
 500485
-858957
-660210
-583236
 652655
-171740
 840130
 970796
-810516
 230873
 185120
-835697
-912726
 805800
 388002
-883387
 194494
-593304
 244820
-990106
-270799
-107201
-694715
 785485
 -81811
-410056
 709294
-851014
-981932
 205087
 -39314
 537405
 511604
-495553
 114889
 469234
 908652
-426048
 958243
 251177
-479096
 238750
 496948
 923840
 900383
 -60393
 969289
  18030
 946799
 849298
-711844
  -7839
-890626
 470789
-828795
-278241
 298752
 163697
 753870
 433575
 596586
 505501
-506439
-212212
-148501
 556940
 558874
 140785
-937440
 860120
 417202
-725177
-271830
 435486
-524325
 847952
 306694
  81052
-511088
 489085
 414631
 684279
-625396
 863516
 933255
 864725
-490414
 687874
-654341
  29092
 410094
 482077
 370837
 282454
-690397
 426090
 719027
 710542
  55218
-851434
 784819
-764161
 275667
-234658
-283389
-431695
 440900
-914007
-520165
 417767
 630034
  59024
 105090
 874593
  -1346
-428699
-885311
 509785
 295988
-516170
-252562
 719013
 362072
 549943
 866506
 952157
-735670
-365959
-526129
-997283
 737128
-606943
 860061
 704478
-467612
 906887
-764610
 909151
-912273
 142943
  52872
-441803
-968690
 674963
 185757
 134073
 500250
 490633
-822958
 459832
 401667
-344184
-654028
 247998
 -15918
-227762
 181495
-240996
-299279
  19020
-980478
 214766
 717758
 715102
 561445
-113574
-201657
 687486
-193465
-526539
  63357
 607093
 425769
-427583
-825067
-405446
-397989
 980452
 673685
-712477
 358732
-910970
 719978
  19591
 655281
  87431
 130148
 716376
 632445
-417877
 308542
 303261
-153547
 264687
  33275
 189850
 811212
 875786
 -93387
-740176
-990182
-129731
-391112
 876653
 309873
 745081
  54745
 372823
 505132
 279851
-691998
-330284
 728903
-771271
 305785
 319280
 -29428
 634997
 -56153
 689432
-196786
-217902
 150422
 227373
  58675
 197734
-868168
 588679
 687088
 431318
-898838
-988931
-611650
 669437
  84459
 601697
 695404
-317032
 926374
 759855
-630258
 125654
-370494
  68087
-941142
-360141
  10021
-469980
 331884
-867363
-261731
-964352
-376459
 701512
-372534
 513336
  68964
-152701
 755155
-406313
  73185
-153963
 425367
-982699
 788566
-121039
-377074
-831713
 182257